98.9056 96.9047 2 254 2 5 97 2.00088 3.72347
922.495 912.513 4 254 2 6 11 9.98163 0.750575
973.765 971.505 6 254 2 5 97 2.26005 1.69213
1810.56 1809.22 9 254 2 6 11 1.34164 1.34846
1877.3 1874.97 11 254 2 5 97 2.33626 2.2639
2406.92 2404.37 12 252 2 7 11 2.54236 1.35486
2602.44 2600.21 14 252 2 6 11 2.2359 1.01998
2663 2659.99 15 252 2 5 97 3.00528 2.33514
3282.69 3280.65 16 252 2 6 11 2.03709 0.909565
3287.85 3285.55 17 252 2 5 97 2.30792 2.00459
4034.43 4033.4 18 252 2 6 11 1.03121 0.982678
4230.53 4228.52 21 252 2 5 97 2.01258 1.94263
4907.01 4905.77 22 252 2 6 11 1.24439 0.548654
5031.03 5028.97 25 252 2 5 97 2.05967 1.70898
5726.1 5724.58 27 252 2 6 11 1.51267 3.08252
5797.62 5795.55 28 252 2 5 97 2.06778 2.04556
6548.13 6546.52 29 252 2 6 11 1.60761 2.61753
6949.86 6946.1 30 252 2 5 97 3.75902 2.26181
7376.4 7375.2 31 253 2 7 11 1.19514 1.14034
7494.65 7493.57 33 253 2 7 11 1.07911 1.17417
7523.07 7514.25 34 253 2 8 9 8.82136 1.48853
7600.87 7599.56 35 253 2 6 11 1.30485 1.31247
7748.22 7745.89 36 253 2 5 97 2.32912 2.09997
8508.52 8507.46 37 253 2 6 11 1.06136 1.08793
8524.15 8521.85 38 253 2 5 97 2.29327 2.08251
9795.98 9793.66 39 253 2 6 11 2.3183 1.48025
11486.6 11484.1 40 254 2 5 97 2.53069 1.9772
12113.2 12112.3 41 254 2 6 11 0.839415 0.964292
12138.3 12136.2 42 254 2 5 97 2.13591 1.72217
12740.9 12740.1 43 254 2 6 11 0.714152 1.06791
12859.1 12857.4 44 254 2 5 97 1.77675 1.85104
13611.8 13610.8 45 254 2 6 11 0.919124 1.20656
13625.3 13623.2 46 254 2 5 97 2.06568 2.13697
14242.8 14241.2 47 254 2 6 11 1.5991 1.28075
14287.2 14281.7 49 254 2 5 97 5.43722 2.1209
15029.9 15028.5 50 252 2 6 11 1.35377 1.2117
15346 15343.6 53 252 2 5 97 2.40288 2.32712
15971.3 15970.1 54 252 2 6 11 1.15846 0.813418
15979.8 15976.3 55 252 2 5 97 3.4755 2.04518
15984.2 15982.1 56 252 2 5 97 2.08392 2.95759
16614.9 16613.1 57 252 2 6 11 1.84179 0.869143
16646.6 16644.2 58 252 2 5 97 2.4333 1.96484
17724.4 17722.8 63 252 2 6 11 1.58711 0.958494
17758 17756.3 64 252 2 5 97 1.71662 1.90123
18412.1 18408.9 65 252 2 6 11 3.20169 1.22115
19663.6 19661.8 66 253 2 5 97 1.77762 1.79873
20368.6 20365.3 67 253 2 6 11 3.30746 7.62209
20550.4 20547.8 68 253 2 5 97 2.56601 3.12721
21276.8 21275.7 69 253 2 6 11 1.14312 0.996255
21474.5 21472.5 71 253 2 5 97 2.06734 2.39759
22097.8 22096.4 72 253 2 6 11 1.33821 1.87283
22401.3 22398 74 253 2 5 97 3.29776 2.72009
23517 23512.6 75 253 2 6 11 4.43114 1.83624
24244.8 24241.3 76 253 2 5 97 3.50442 2.69873
24638.6 24637.1 80 254 2 7 11 1.5139 0.730359
24709.6 24708.7 81 254 2 8 9 0.88034 1.15178
24905.1 24903.2 83 254 2 6 11 1.8739 0.701094
25080.6 25078.6 84 254 2 5 97 1.96392 1.90696
25698.7 25697.9 85 254 2 6 11 0.810488 0.823255
25844.7 25842.3 86 254 2 5 97 2.40968 2.01904
26612.3 26610.3 90 254 2 6 11 1.95568 1.2389
26638.5 26636.1 91 254 2 5 97 2.3904 1.97791
27609.5 27608.5 96 254 2 6 11 0.931232 1.2836
27693.3 27690.4 98 254 2 5 97 2.87049 2.12055
29132.6 29131.1 100 254 2 6 11 1.51493 2.33187
29518.9 29516.4 101 254 2 5 97 2.53004 2.69657
30634.1 30632.5 102 252 2 6 11 1.58165 1.11517
30692.1 30689.6 103 252 2 5 97 2.45976 2.08221
32402 32400.8 104 252 2 6 11 1.16063 2.10612
32824.9 32822.8 105 253 2 5 97 2.12962 2.07877
33536.8 33535.7 107 253 2 6 11 1.04318 1.10227
34147.9 34145.8 111 253 2 5 97 2.11279 2.09484
34767.7 34766.6 112 253 2 6 11 1.03017 1.42815
34790.9 34788.7 113 253 2 5 97 2.23509 2.32076
35440.5 35438.2 114 253 2 6 11 2.32672 1.48954
35455.4 35445.5 115 253 2 5 97 9.90264 2.5237
36113.6 36112.3 116 253 2 6 11 1.33662 1.46439
36180 36177.6 117 253 2 5 97 2.422 2.48229
37057.9 37056 118 253 2 6 11 1.89382 1.65265
37147.3 37143.3 119 254 2 5 97 3.99536 2.33694
37943.2 37942 120 254 2 6 11 1.13707 1.52807
38018.4 38016.1 121 254 2 5 97 2.27096 2.35511
38673.7 38672.4 122 254 2 6 11 1.29221 0.927143
38710.8 38708.2 123 254 2 5 97 2.68346 1.85371
39453.5 39452.6 124 254 2 6 11 0.851029 0.667639
39480.2 39478.5 125 254 2 5 97 1.71967 1.83595
40207.3 40206.3 126 254 2 6 11 0.99627 0.844286
40338 40336.2 127 254 2 5 97 1.82258 1.77292
41002.9 41001.9 128 254 2 6 11 0.969165 0.96294
41076.2 41074 132 254 2 5 97 2.15889 2.38815
41797.5 41785.3 133 254 2 6 11 12.1644 1.43411
41821.4 41819.2 134 254 2 5 97 2.18953 2.40002
42535.6 42534.2 135 254 2 6 11 1.37664 1.36798
42636.2 42633.5 137 254 2 5 97 2.71795 3.25698
43517.4 43516 139 252 2 6 11 1.37481 1.12322
43537.6 43532.2 140 252 2 5 97 5.43795 2.08727
44158.7 44157.7 141 252 2 6 11 1.0713 0.696429
44186.3 44184.1 142 252 2 5 97 2.18916 2.05708
44820 44819 143 252 2 6 11 1.00018 0.933848
44986.5 44984.7 145 252 2 5 97 1.77492 1.67667
45617.3 45614.2 146 252 2 6 11 3.04134 0.983359
45654.9 45652.5 147 252 2 5 97 2.40283 1.77229
46259.1 46258.2 148 252 2 6 11 0.82904 0.890783
47876.1 47873.8 149 253 2 5 97 2.28115 2.14885
48591.8 48589.3 150 253 2 6 11 2.44343 1.20227
48606.4 48604.2 151 253 2 5 97 2.1821 2.09119
49218.2 49216.2 152 253 2 6 11 1.97829 1.08434
49319 49316.7 153 253 2 5 97 2.32992 2.31529
51047.2 51045.3 156 253 2 6 11 1.95645 1.67529
51118.1 51115 157 253 2 5 97 3.06736 2.48581
51446.4 51440.6 158 254 2 7 11 5.76392 3.10545
51575.7 51574.7 159 254 2 8 9 1.01523 1.30806
51744.8 51743.9 160 254 2 6 11 0.929839 0.881202
51802.5 51800.5 161 254 2 5 97 2.01566 1.78248
52425.8 52425.2 162 254 2 6 11 0.631123 0.868354
52446.4 52444.6 163 254 2 5 97 1.86205 1.7241
53067.2 53062.1 164 254 2 6 11 5.10164 1.0799
53119 53117 165 254 2 5 97 1.97874 1.64827
53734.2 53733 166 254 2 6 11 1.17541 0.87835
53835 53833 167 254 2 5 97 2.02106 2.19354
54484.2 54483.1 168 254 2 6 11 1.12489 1.14036
54516.4 54514.3 169 254 2 5 97 2.07889 2.2066
55274.8 55273.7 171 254 2 6 11 1.16583 1.29658
55327 55324.2 172 254 2 5 97 2.8615 2.18268
55973.8 55971.4 173 254 2 6 11 2.3412 1.60094
56330.7 56327.5 174 254 2 5 97 3.14784 2.72638
56911.5 56910.3 175 252 2 7 11 1.23615 1.10472
56933 56931.5 176 252 2 6 11 1.52038 0.93521
56989.4 56986.8 177 252 2 5 97 2.5939 2.15754
57946.4 57945.5 180 252 2 6 11 0.940805 1.05558
58033.9 58032 181 252 2 5 97 1.91327 1.76846
60275.4 60274.6 183 253 2 6 11 0.73063 0.820414
60357 60355 184 253 2 5 97 2.09123 1.8853
61093.5 61092.6 186 253 2 6 11 0.969288 1.0211
61150 61147.8 187 253 2 5 97 2.14082 3.41707
61801.1 61799.9 188 253 2 6 11 1.12516 1.12084
61842.7 61840.5 189 253 2 5 97 2.27282 2.00893
63334.7 63333.4 190 253 2 6 11 1.29804 2.00863
63882 63879.1 191 254 2 5 97 2.92252 2.33423
64325.8 64324.2 192 253 2 7 11 1.56881 2.70816
64608.3 64607.3 194 254 2 6 11 0.944358 1.07479
64650.5 64648.4 195 254 2 5 97 2.06992 1.83323
65333.8 65332.8 197 254 2 6 11 1.00225 0.843132
65545.6 65543.5 198 254 2 5 97 2.03282 1.93373
66169 66168.3 199 254 2 6 11 0.708798 2.55335
66312.2 66310.4 200 254 2 5 97 1.8187 1.80126
66954.9 66953.8 201 254 2 6 11 1.15101 1.03753
66968.2 66965.2 202 254 2 5 97 3.05961 2.20016
67593.9 67592.9 203 254 2 6 11 0.964507 0.942539
67682.3 67678.9 204 254 2 5 97 3.42234 2.00461
68401.8 68400.7 207 254 2 6 11 1.13629 1.09061
68507.4 68503.9 208 254 2 5 97 3.55047 2.20959
69264.6 69263.2 209 254 2 6 11 1.33731 1.46826
69511.9 69509.4 210 254 2 5 97 2.50311 2.61385
70445 70444.1 211 252 2 6 11 0.959247 1.21596
70480.7 70478.4 212 252 2 5 97 2.35625 2.22098
71089.6 71088.4 213 252 2 6 11 1.18454 1.18354
71119.8 71114.9 214 252 2 5 97 4.90981 2.3587
71769.4 71768.4 215 252 2 6 11 1.0201 1.53961
71774.2 71772.2 216 252 2 5 97 2.07499 2.49013
73457.7 73457.1 219 253 2 6 11 0.592767 1.97308
73516.7 73515 220 253 2 5 97 1.67203 1.81437
74122.9 74121.9 221 253 2 6 11 0.924842 1.01307
74310.6 74308.5 222 253 2 5 97 2.015 1.8704
74928.6 74927.6 223 253 2 6 11 1.01771 1.05647
75036.6 75034.4 224 253 2 5 97 2.20257 2.25242
75740.1 75735.3 225 253 2 6 11 4.76547 1.31696
75791.4 75782 226 253 2 5 97 9.41152 2.20487
76674.7 76672.4 227 254 2 6 11 2.31518 1.34742
76801.2 76799 230 254 2 5 97 2.17733 2.4035
77797.5 77795.9 231 253 2 6 11 1.51646 1.50196
77826.4 77824.5 234 254 2 5 97 1.86968 2.05014
78449.7 78448.5 235 254 2 6 11 1.18487 0.942604
78456.6 78454.2 236 254 2 5 97 2.45474 2.14669
78540.4 78539.6 237 254 2 7 11 0.813437 1.04
78964.9 78964.1 241 254 2 7 11 0.826881 2.52512
79000.2 78999.2 242 254 2 8 9 0.94677 1.12485
79069 79067.6 243 254 2 6 11 1.33004 1.17247
79152.4 79150.3 245 254 2 5 97 2.09594 1.85667
79760.2 79755.3 246 254 2 6 11 4.83375 0.838293
79837.7 79835.8 247 254 2 5 97 1.95898 2.42462
80463 80461.8 248 254 2 6 11 1.1456 1.02701
80904.3 80901.9 256 254 2 5 97 2.33018 2.11013
81819.1 81817.3 260 254 2 6 11 1.81946 1.0471
81872.9 81861.9 261 254 2 5 97 11.0386 2.70336
83045.8 83044.7 262 254 2 6 11 1.15002 1.37411
83678.7 83675.9 263 254 2 5 97 2.84051 2.22761
85479.9 85478.3 264 253 2 6 11 1.65195 0.690188
85604.3 85601.7 265 253 2 5 97 2.60836 1.98445
86206.7 86205.8 266 253 2 6 11 0.860905 1.26482
86572.9 86562.3 270 253 2 5 97 10.6502 2.10609
87370.8 87369.6 271 253 2 6 11 1.15849 1.10054
87385.5 87383.3 272 253 2 5 97 2.17448 2.06004
88064.7 88063.8 273 253 2 6 11 0.925643 1.28674
88084.3 88082.2 274 253 2 5 97 2.03742 1.92257
88715.2 88707.4 275 253 2 6 11 7.80784 1.013
88877.6 88875.3 276 253 2 5 97 2.26456 1.96358
89615.6 89614 277 253 2 6 11 1.56093 0.94582
89623 89620.7 278 253 2 5 97 2.26408 1.97783
90277.5 90276 280 253 2 6 11 1.54096 1.14912
90855.2 90852.9 281 254 2 5 97 2.33798 2.12063
91576.8 91575.7 284 254 2 6 11 1.10837 1.2555
91674.2 91672.1 286 254 2 5 97 2.09283 2.27314
92335.1 92333.8 288 254 2 6 11 1.27405 1.36665
92439.9 92437.9 289 254 2 5 97 2.06223 2.34771
93067.9 93066.7 290 254 2 6 11 1.19476 8.33363
93338.8 93335 293 254 2 5 97 3.80301 2.47583
93967.1 93965.9 294 254 2 6 11 1.21065 1.33235
94164.8 94162.4 297 254 2 5 97 2.45915 2.50595
94819.5 94817.9 299 254 2 6 11 1.684 1.39439
94863.2 94861.1 300 254 2 5 97 2.13673 2.81247
95522.6 95521.1 301 254 2 6 11 1.48994 1.13497
95605.9 95603.4 302 254 2 5 97 2.54932 2.29996
97574.2 97573.5 305 253 2 6 11 0.739625 0.58772
97610.4 97608.7 306 253 2 5 97 1.68491 1.57418
98228.9 98227.1 307 253 2 6 11 1.75114 1.43693
98310.3 98305.7 308 253 2 5 97 4.51658 2.33728
99120.7 99119.7 310 253 2 6 11 1.0574 1.31321
99147.3 99145 311 253 2 5 97 2.39055 2.51305
99152.6 99149.8 312 253 2 5 97 2.79085 4.08809
99820.7 99819.8 313 253 2 6 11 0.962076 1.59636
99845.7 99843.7 314 253 2 5 97 1.96821 1.90591
