160.159 156.74 1 6 255 5 100
215.327 213.847 2 6 255 10 20
337.769 336.526 3 6 255 10 20
365.611 342.737 4 6 255 10 20
402.484 382.341 5 6 255 10 20
550.804 549.433 6 6 255 10 20
754.263 704.984 8 6 255 10 20
2793.76 2792.05 39 6 255 10 20
4203.5 4200.61 69 6 255 5 100
4705.71 4703.95 78 6 255 10 20
5196.45 5194.86 87 6 255 10 20
6315.14 6313.85 109 6 255 10 20
6373.25 6371.81 111 6 255 10 20
7519.16 7517.6 128 6 255 10 20
7672.8 7671.51 129 6 255 10 20
7723.09 7721.43 130 6 255 10 20
7744.19 7742.76 131 6 255 10 20
7781.28 7779.83 132 6 255 10 20
7859.87 7858.48 133 6 255 10 20
7965.87 7964.52 134 6 255 10 20
8020.84 8019.57 135 6 255 10 20
8105.28 8103.97 136 6 255 10 20
8130.12 8129.18 137 6 255 10 20
8149.64 8148.49 138 6 255 10 20
8180.93 8179.65 139 6 255 10 20
8196.52 8195.46 140 6 255 10 20
8219.43 8218.44 141 6 255 10 20
8350.22 8349.37 142 6 255 10 20
8368.65 8367.5 143 6 255 10 20
8374.33 8373.43 144 6 255 10 20
8464.33 8463.42 145 6 255 10 20
8530.36 8529.55 146 6 255 10 20
8570.98 8570.12 147 6 255 10 20
8603.98 8602.82 148 6 255 10 20
8643.94 8642.97 149 6 255 10 20
8671.42 8670.19 150 6 255 10 20
8701.56 8700.74 151 6 255 10 20
8709.62 8708.78 152 6 255 10 20
8737.42 8736.52 153 6 255 10 20
8821.87 8821.08 154 6 255 10 20
8935.04 8933.13 155 6 255 5 100
8942.29 8940.83 156 6 255 10 20
8963.21 8962.24 157 6 255 10 20
8966.89 8966.19 158 6 255 10 20
9041.35 9040.5 159 6 255 10 20
9064.34 9062.23 160 6 255 10 20
9118.75 9110.86 161 6 255 10 20
9150.77 9145.51 162 6 255 10 20
9181.44 9180.55 164 6 255 10 20
9231.6 9230.46 165 6 255 10 20
9315.82 9314.91 166 6 255 10 20
9510.16 9509.12 168 6 255 10 20
9537.12 9536.21 169 6 255 10 20
9569.86 9567.76 170 6 255 5 100
9660.16 9659.44 171 6 255 10 20
9834.42 9833.69 173 6 255 10 20
9881.85 9880.86 174 6 255 10 20
9897.78 9896.61 175 6 255 10 20
9924.91 9924.01 176 6 255 10 20
9952.66 9951.65 177 6 255 10 20
10013.9 10012.2 178 6 255 10 20
10048.7 10047.5 179 6 255 10 20
10150.9 10150 180 6 255 10 20
10231.8 10230.5 181 6 255 10 20
10303.1 10299.1 182 6 255 5 100
10324.3 10322.1 184 6 255 5 100
10381.9 10380 185 6 255 5 100
10390 10388.7 186 6 255 10 20
10446.1 10444.9 188 6 255 10 20
10469.1 10467.8 189 6 255 10 20
10494.1 10492.7 190 6 255 10 20
10530.9 10529.7 191 6 255 10 20
10543.9 10542.9 192 6 255 10 20
10625.3 10624.5 193 6 255 10 20
10650 10648.8 194 6 255 10 20
10673.8 10672.8 195 6 255 10 20
10713.5 10711.5 196 6 255 10 20
10767.6 10766.2 197 6 255 10 20
10866.2 10856.1 198 6 255 10 20
10911.2 10900.1 199 6 255 10 20
10945.1 10944 200 6 255 10 20
11212.8 11211.6 201 6 255 10 20
11220.2 11218.1 202 6 255 5 100
11241.9 11239.9 203 6 255 5 100
11243.9 11241.6 204 6 255 5 100
11265 11263.9 205 6 255 10 20
11357.9 11357 206 6 255 10 20
11427.8 11426.9 207 6 255 10 20
11474.1 11472.9 208 6 255 10 20
11554.5 11551 209 6 255 10 20
11727.8 11726.7 210 6 255 10 20
11993.1 11991.9 211 6 255 10 20
12099.6 12097.5 213 6 255 5 100
12214.4 12212.5 214 6 255 5 100
12374.5 12372.3 215 6 255 5 100
12480.1 12479 216 6 255 10 20
12500.4 12498.9 217 6 255 10 20
12502.2 12500.5 218 6 255 10 20
12512.9 12511.8 219 6 255 10 20
15866.7 15865.2 261 6 255 10 20
15906.1 15904.3 262 6 255 10 20
17047.6 17046 285 6 255 10 20
18914.2 18912.2 317 6 255 10 20
19398.5 19396.5 329 6 255 10 20
20065.4 20063.9 337 6 255 10 20
20092.4 20091 338 6 255 10 20
20102.6 20101 339 6 255 10 20
20127 20125.7 340 6 255 10 20
20161.2 20159.7 341 6 255 10 20
20251.9 20250.8 343 6 255 10 20
20319.1 20318 345 6 255 10 20
20374.7 20372.1 347 6 255 10 20
20398.7 20397 348 6 255 10 20
20575.6 20574.4 349 6 255 10 20
20645.7 20644.1 350 6 255 10 20
20713.8 20707.3 351 6 255 10 20
20719.4 20718.3 352 6 255 10 20
20744.1 20742.8 353 6 255 10 20
20816.7 20815.3 354 6 255 10 20
21059.3 21056.5 355 6 255 10 20
21062 21059.5 356 6 255 10 20
21361.9 21360.7 357 6 255 10 20
21518.4 21517.1 358 6 255 10 20
21608 21605.8 360 6 255 5 100
21644 21641.9 361 6 255 5 100
21681.6 21679.5 362 6 255 5 100
21695.4 21693.3 363 6 255 5 100
21766.4 21765.2 365 6 255 10 20
21795.3 21792.6 366 6 255 10 20
21885.6 21883.4 367 6 255 10 20
21943.5 21942.6 368 6 255 10 20
21997.6 21996.8 369 6 255 10 20
22112.6 22111.4 370 6 255 10 20
22172.5 22155.7 371 6 255 10 20
22174.2 22158 372 6 255 10 20
22232.8 22231.9 373 6 255 10 20
22248.8 22247.8 374 6 255 10 20
22261.2 22260.3 375 6 255 10 20
22369.6 22368.8 376 6 255 10 20
22377.4 22376.3 377 6 255 10 20
22490.3 22482.2 378 6 255 10 20
22492.5 22488 379 6 255 10 20
22519.8 22517.8 380 6 255 5 100
22533.5 22532.7 381 6 255 10 20
22550.2 22549.3 382 6 255 10 20
22557.6 22556.6 383 6 255 10 20
22564.2 22563.2 384 6 255 10 20
22642.9 22641.2 385 6 255 10 20
22665.8 22664.8 386 6 255 10 20
22773.1 22772.2 387 6 255 10 20
22816.4 22815.3 388 6 255 10 20
23041.8 23040.9 390 6 255 10 20
23222.5 23221.7 391 6 255 10 20
23354.2 23353.1 392 6 255 10 20
23450.6 23449.6 393 6 255 10 20
23525.9 23523.8 394 6 255 10 20
23739.1 23736.9 396 6 255 5 100
23818.9 23817 397 6 255 5 100
23836.8 23828 398 6 255 5 100
23858.6 23856.8 399 6 255 5 100
23875.6 23873.1 400 6 255 10 20
23919.6 23918.6 401 6 255 10 20
23921.2 23919.1 402 6 255 10 20
24008.1 24006.9 403 6 255 10 20
24055.8 24054.9 404 6 255 10 20
24086.8 24084.8 405 6 255 10 20
24115 24114.2 406 6 255 10 20
24227.4 24226.7 407 6 255 10 20
24288.4 24287.7 408 6 255 10 20
24452.9 24444.9 409 6 255 10 20
24467.2 24466.1 410 6 255 10 20
24478.9 24477.1 411 6 255 5 100
24554.3 24553.2 412 6 255 10 20
24745.6 24744.6 413 6 255 10 20
24870.1 24869.3 414 6 255 10 20
24904.7 24903.9 415 6 255 10 20
24958.4 24957 416 6 255 10 20
24975.6 24974.4 417 6 255 10 20
25082 25080.8 418 6 255 10 20
25104 25101.7 419 6 255 5 100
25151.1 25148.9 420 6 255 5 100
25155.8 25150.6 421 6 255 5 100
25231.4 25230.5 422 6 255 10 20
25237.2 25235.8 423 6 255 10 20
25308 25307.1 424 6 255 10 20
25515.8 25514.5 425 6 255 10 20
25537.7 25536.1 426 6 255 10 20
25578.3 25577.4 428 6 255 10 20
25649.8 25648.6 429 6 255 10 20
25671.5 25670.4 430 6 255 10 20
25694.8 25693.4 431 6 255 10 20
25729.9 25728.2 432 6 255 10 20
25757.4 25756.2 433 6 255 10 20
25780.5 25778.4 435 6 255 5 100
25831.5 25830.2 436 6 255 10 20
26401.9 26400.8 446 6 255 10 20
30424.8 30422.4 518 6 255 5 100
31062 31057.9 527 6 255 5 100
32386.8 32371.6 542 6 255 5 100
32752 32750.7 546 6 255 10 20
32791.8 32790.4 547 6 255 10 20
32832.2 32830.8 548 6 255 10 20
32834.9 32833 549 6 255 10 20
32862.2 32860.8 550 6 255 10 20
32904.4 32900.9 551 6 255 10 20
32968.4 32967.2 552 6 255 10 20
33046.9 33045.5 553 6 255 10 20
33053.5 33052 554 6 255 10 20
33137.3 33136.2 555 6 255 10 20
33227.1 33225.8 557 6 255 10 20
33264.1 33262.8 559 6 255 10 20
33281.6 33280.5 560 6 255 10 20
33468.8 33466.2 562 6 255 5 100
33477.7 33475.5 564 6 255 5 100
33537.3 33534.9 565 6 255 5 100
33724.5 33722 566 6 255 5 100
33907.7 33905.4 567 6 255 5 100
33955.1 33953.9 568 6 255 10 20
33977.3 33975.9 569 6 255 10 20
33979.4 33976.4 570 6 255 10 20
34061.4 34060.1 571 6 255 10 20
34083.5 34082 572 6 255 10 20
34112.9 34111.6 573 6 255 10 20
34171.8 34170.6 574 6 255 10 20
34205 34203.9 575 6 255 10 20
34269.8 34268.4 576 6 255 10 20
34473.9 34472.1 577 6 255 10 20
34557.5 34556.1 578 6 255 10 20
34568.8 34566.8 579 6 255 5 100
34610.8 34608.5 580 6 255 5 100
34839.4 34838.4 581 6 255 10 20
34924.1 34922.7 582 6 255 10 20
34987.3 34980 583 6 255 10 20
35012.6 35011.1 584 6 255 10 20
35112.8 35111.4 585 6 255 10 20
35192.4 35191 586 6 255 10 20
35199.7 35198.4 587 6 255 10 20
35221.8 35220.5 588 6 255 10 20
35292.3 35290 589 6 255 5 100
35397.8 35396.9 590 6 255 10 20
35423.8 35398.3 591 6 255 10 20
35451.2 35449.8 592 6 255 10 20
35487.8 35486.8 593 6 255 10 20
35518.4 35517.3 594 6 255 10 20
35651.7 35650.6 595 6 255 10 20
35656.3 35655.2 596 6 255 10 20
35692 35691 597 6 255 10 20
35740.3 35739 598 6 255 10 20
35852.8 35852 599 6 255 10 20
35992.3 35991.4 600 6 255 10 20
36022.4 36020.3 601 6 255 5 100
36029.2 36028.2 602 6 255 10 20
36053.2 36052.1 603 6 255 10 20
36104.6 36103.5 604 6 255 10 20
36178 36177.2 606 6 255 10 20
36438.9 36437.9 607 6 255 10 20
36503.2 36501.9 608 6 255 10 20
36519.4 36518.5 609 6 255 10 20
36586.2 36585.2 610 6 255 10 20
36642.5 36641.5 611 6 255 10 20
36691.7 36689.8 612 6 255 5 100
36694.6 36693.8 613 6 255 10 20
36818.7 36817.6 614 6 255 10 20
36895 36893.3 615 6 255 10 20
36996.8 36995.7 617 6 255 10 20
37131.2 37130.6 618 6 255 10 20
37175.7 37175.1 619 6 255 10 20
37214.5 37213.2 620 6 255 10 20
37383.5 37381.7 621 6 255 10 20
37423.1 37421.3 622 6 255 5 100
37502.8 37501.9 623 6 255 10 20
37547.6 37546.6 624 6 255 10 20
37581.8 37581 625 6 255 10 20
37662.8 37661.8 626 6 255 10 20
37674.7 37673.8 627 6 255 10 20
37695 37693.9 628 6 255 10 20
38042.9 38041.9 629 6 255 10 20
38107.7 38106.5 631 6 255 10 20
38133.4 38132.2 632 6 255 10 20
38149.7 38148.6 633 6 255 10 20
38182 38180 634 6 255 5 100
38344.2 38343.1 636 6 255 10 20
43843.2 43842.1 718 6 255 10 20
43893 43891.9 719 6 255 10 20
43950.6 43949.6 720 6 255 10 20
44278.6 44276.8 722 6 255 5 100
44376.6 44374.8 723 6 255 5 100
44391.8 44388.7 725 6 255 5 100
44442.2 44440.4 726 6 255 5 100
44486.8 44484.6 727 6 255 5 100
44546.9 44544.7 728 6 255 5 100
44719.3 44718.4 730 6 255 10 20
44731.1 44730 731 6 255 10 20
44838.4 44837.6 732 6 255 10 20
44851.6 44850.6 733 6 255 10 20
44893.8 44892.9 734 6 255 10 20
45027.6 45026.6 735 6 255 10 20
45039.3 45038.3 736 6 255 10 20
45054.5 45053.5 737 6 255 10 20
45206 45205.2 738 6 255 10 20
45217.7 45216.7 739 6 255 10 20
45244.3 45243.4 740 6 255 10 20
45256.4 45255.2 741 6 255 10 20
45270.6 45269.8 742 6 255 10 20
45309.8 45309.1 743 6 255 10 20
45388.1 45386.9 744 6 255 10 20
45394.3 45393.3 745 6 255 10 20
45586.9 45579.5 746 6 255 10 20
45601.1 45582.9 747 6 255 10 20
45898.5 45897.7 749 6 255 10 20
45968.2 45966.4 750 6 255 5 100
46045.3 46044.5 751 6 255 10 20
46098.4 46097.3 753 6 255 10 20
46152.1 46151 754 6 255 10 20
46179.4 46178.4 755 6 255 10 20
46247.8 46246.9 756 6 255 10 20
46299.5 46298.6 757 6 255 10 20
46377 46376.1 759 6 255 10 20
46455.4 46454.4 760 6 255 10 20
46497.6 46496.7 762 6 255 10 20
46584.8 46583.7 763 6 255 10 20
46637.3 46635.1 764 6 255 5 100
46659.5 46658.6 765 6 255 10 20
46730.1 46728.8 766 6 255 10 20
46902.9 46901.8 767 6 255 10 20
46915 46913.9 768 6 255 10 20
46940.5 46939.2 769 6 255 10 20
47016 47014.6 770 6 255 10 20
47059.3 47057.9 771 6 255 10 20
47314.9 47313.9 772 6 255 10 20
47365 47362.6 773 6 255 5 100
47409.9 47408.9 774 6 255 10 20
47572.4 47571 775 6 255 10 20
47583.7 47582.3 776 6 255 10 20
47594.3 47593.1 777 6 255 10 20
47769.8 47768.3 778 6 255 10 20
47774.6 47773.5 779 6 255 10 20
47782.1 47781 780 6 255 10 20
47920.3 47919 783 6 255 10 20
47939.2 47937.8 784 6 255 10 20
47981.9 47980.7 785 6 255 10 20
48083.3 48080.8 787 6 255 5 100
48091.5 48090.2 788 6 255 10 20
48107 48105.5 789 6 255 10 20
48125.4 48124.3 790 6 255 10 20
48253.5 48252 791 6 255 10 20
48414.2 48413 793 6 255 10 20
48551.3 48550.1 794 6 255 10 20
48729.8 48728.5 795 6 255 10 20
48750.6 48748.2 796 6 255 5 100
48811.1 48810.1 798 6 255 10 20
48827.2 48825.9 799 6 255 10 20
48850.4 48846.7 800 6 255 10 20
48856.4 48853.7 801 6 255 10 20
48938.9 48937.6 802 6 255 10 20
49001.7 49000.3 803 6 255 10 20
49028.8 49027.8 804 6 255 10 20
49056 49050.9 805 6 255 10 20
49085.9 49084.7 806 6 255 10 20
49100.1 49099.1 807 6 255 10 20
49125.9 49124.7 808 6 255 10 20
49226.7 49225.5 809 6 255 10 20
49244 49242.8 810 6 255 10 20
49280.8 49279.6 811 6 255 10 20
49316.4 49315.2 812 6 255 10 20
49361.7 49360.7 814 6 255 10 20
49375.8 49373.5 815 6 255 5 100
49503 49502 816 6 255 10 20
49518 49516.9 817 6 255 10 20
49558 49556.6 818 6 255 10 20
49737.3 49736.3 819 6 255 10 20
49768.5 49767.2 820 6 255 10 20
49830.3 49828.9 821 6 255 10 20
53210.8 53209.3 869 6 255 10 20
54995.3 54993.5 892 6 255 10 20
55743 55741.4 906 6 255 10 20
55751.3 55749.4 907 6 255 10 20
55884.4 55881.3 911 6 255 5 100
56456.7 56455.2 927 6 255 10 20
56646.2 56643.8 931 6 255 5 100
56651.7 56649.5 932 6 255 5 100
56689.7 56687.5 933 6 255 5 100
56751.2 56749.1 934 6 255 5 100
56808.9 56804.9 936 6 255 5 100
56819.8 56808.8 937 6 255 5 100
56921.9 56919.1 938 6 255 5 100
56938.6 56935.6 939 6 255 5 100
56947.5 56945.2 940 6 255 5 100
56955.4 56953.2 941 6 255 5 100
57029.1 57027.1 942 6 255 5 100
57086.7 57084.5 943 6 255 5 100
57092.4 57090.1 944 6 255 5 100
57348.3 57346.5 945 6 255 5 100
57388.1 57386.1 946 6 255 5 100
57392.8 57391.5 947 6 255 10 20
57471.3 57470.3 948 6 255 10 20
57550.1 57549.3 949 6 255 10 20
57559.6 57558.9 950 6 255 10 20
57702.9 57702.1 951 6 255 10 20
57781.9 57781.3 952 6 255 10 20
58065.8 58065 953 6 255 10 20
58116 58114.4 954 6 255 5 100
58236.8 58235.9 955 6 255 10 20
58328.1 58327.1 956 6 255 10 20
58385.2 58384.6 957 6 255 10 20
58552.4 58551.3 958 6 255 10 20
58586.4 58585.6 959 6 255 10 20
58698.6 58697.9 960 6 255 10 20
58718.6 58717.7 961 6 255 10 20
58770 58769.1 962 6 255 10 20
58811.6 58809.8 963 6 255 5 100
58877.9 58876.6 964 6 255 10 20
59048.5 59046 966 6 255 10 20
59174.5 59173.2 967 6 255 10 20
59197.9 59196.8 968 6 255 10 20
59299.6 59298.5 969 6 255 10 20
59439 59436.8 970 6 255 10 20
59525.4 59523.4 971 6 255 5 100
59531.8 59530.6 972 6 255 10 20
59545.7 59544.7 973 6 255 10 20
59583.7 59582.4 974 6 255 10 20
59686.5 59685.5 976 6 255 10 20
59715.7 59714.4 977 6 255 10 20
59736 59734.8 978 6 255 10 20
59760.1 59758.8 979 6 255 10 20
59897.5 59896.4 980 6 255 10 20
59915.9 59914.9 981 6 255 10 20
60017.5 60016.4 982 6 255 10 20
60041.8 60040.3 983 6 255 10 20
60101.6 60100.2 984 6 255 10 20
60128.2 60127.1 985 6 255 10 20
60282.7 60280.4 986 6 255 5 100
60358.3 60355.4 987 6 255 5 100
60363.8 60359.7 988 6 255 5 100
60612.8 60611.3 990 6 255 10 20
60621.8 60620.7 992 6 255 10 20
60665.1 60663.3 993 6 255 10 20
60677.4 60676.2 994 6 255 10 20
60679.1 60677.8 995 6 255 10 20
60731 60729.6 996 6 255 10 20
60952.9 60951.6 998 6 255 10 20
60971.4 60970.1 999 6 255 10 20
60997.6 60995.1 1000 6 255 10 20
61087.6 61086.6 1001 6 255 10 20
61185 61183.8 1002 6 255 10 20
61435 61432.9 1003 6 255 5 100
61445.3 61444.2 1004 6 255 10 20
61452.8 61448.9 1005 6 255 10 20
61534.5 61533.1 1007 6 255 10 20
61611.1 61609.7 1008 6 255 10 20
61627.5 61626.3 1009 6 255 10 20
61682 61681.1 1010 6 255 10 20
61769.2 61767.9 1011 6 255 10 20
61794.5 61793.1 1012 6 255 10 20
61882.2 61872.6 1013 6 255 10 20
61989.6 61988.4 1014 6 255 10 20
62030 62028.8 1015 6 255 10 20
62084.3 62083.3 1016 6 255 10 20
62263.1 62261 1017 6 255 5 100
62294.4 62292.2 1018 6 255 5 100
62325.4 62323.4 1019 6 255 5 100
62349.6 62348.4 1020 6 255 10 20
62509.2 62508 1021 6 255 10 20
62537.9 62536.6 1023 6 255 10 20
62540.2 62537.1 1024 6 255 10 20
62568.7 62566.5 1025 6 255 10 20
62648.6 62647.6 1027 6 255 10 20
62710.9 62709.9 1029 6 255 10 20
62739.2 62738 1030 6 255 10 20
62742.9 62741.7 1031 6 255 10 20
69920.2 69918.8 1134 6 255 10 20
70039.8 70038.4 1135 6 255 10 20
70096.7 70095.7 1136 6 255 10 20
70139.6 70137.1 1137 6 255 10 20
70148.8 70147.8 1138 6 255 10 20
70226.7 70225.5 1139 6 255 10 20
70275.8 70274.7 1140 6 255 10 20
70324.6 70322.6 1142 6 255 5 100
70388.8 70386.5 1143 6 255 5 100
70485.6 70483.5 1144 6 255 5 100
70586.4 70584.3 1145 6 255 5 100
70593.9 70592 1146 6 255 5 100
70606.1 70603.9 1147 6 255 5 100
70676.1 70674.2 1148 6 255 5 100
70733 70730.9 1149 6 255 5 100
70759.2 70757.4 1150 6 255 5 100
70764.9 70763 1151 6 255 5 100
70781.8 70779.9 1152 6 255 5 100
70785.8 70783.3 1153 6 255 5 100
70896.6 70895.7 1154 6 255 10 20
70971.4 70970.1 1155 6 255 10 20
71065.3 71064 1156 6 255 10 20
71092.7 71091.7 1157 6 255 10 20
71131.6 71130.8 1158 6 255 10 20
71181.9 71180.7 1159 6 255 10 20
71236.2 71234.1 1160 6 255 10 20
71259.7 71258.4 1161 6 255 10 20
71314.8 71313.7 1162 6 255 10 20
71317 71315.6 1163 6 255 10 20
71331.4 71330.6 1164 6 255 10 20
71526.4 71525.6 1165 6 255 10 20
71622.8 71620.6 1166 6 255 5 100
71641.1 71640.1 1167 6 255 10 20
71682.1 71681.2 1168 6 255 10 20
71732.3 71731.3 1169 6 255 10 20
71751.6 71746.5 1170 6 255 10 20
71852.8 71852 1171 6 255 10 20
71894.9 71893.6 1172 6 255 10 20
71969 71967.8 1173 6 255 10 20
71971.3 71970 1174 6 255 10 20
71989.6 71988.3 1175 6 255 10 20
72103.2 72102.1 1176 6 255 10 20
72346.2 72345.4 1177 6 255 10 20
72371.6 72369.7 1178 6 255 5 100
72411.6 72403.3 1179 6 255 10 20
72513.1 72512.1 1180 6 255 10 20
72639.9 72639 1181 6 255 10 20
72652.4 72651.7 1182 6 255 10 20
72805.5 72804.7 1183 6 255 10 20
72858.4 72857.5 1184 6 255 10 20
72970.8 72969.8 1185 6 255 10 20
72986.8 72985.7 1186 6 255 10 20
73057.3 73055.6 1187 6 255 5 100
73094.6 73093.9 1188 6 255 10 20
73104 73103.2 1189 6 255 10 20
73128.4 73127.7 1190 6 255 10 20
73148 73147.3 1191 6 255 10 20
73154.3 73153.6 1192 6 255 10 20
73276.2 73275.4 1193 6 255 10 20
73391.3 73390.4 1194 6 255 10 20
73431.6 73430.5 1195 6 255 10 20
73522.1 73521.2 1196 6 255 10 20
73528.4 73526.1 1197 6 255 10 20
73546.3 73545.2 1198 6 255 10 20
73646 73644.3 1199 6 255 10 20
73649.4 73648.2 1200 6 255 10 20
73777.9 73776.9 1201 6 255 10 20
73881 73879.9 1202 6 255 10 20
74166.4 74165.2 1203 6 255 10 20
74176.4 74174.5 1204 6 255 5 100
74204.4 74203.5 1205 6 255 10 20
74398.7 74391.8 1206 6 255 10 20
74446.9 74446 1207 6 255 10 20
74465.1 74463.9 1208 6 255 10 20
74508.4 74507.1 1209 6 255 10 20
74572.7 74571.4 1210 6 255 10 20
74580.9 74579.8 1211 6 255 10 20
74605.7 74604.4 1212 6 255 10 20
74639.8 74638.8 1213 6 255 10 20
74861 74859.7 1214 6 255 10 20
74885.8 74883.4 1215 6 255 5 100
74902.7 74900.7 1216 6 255 5 100
74931.3 74929.9 1217 6 255 10 20
75004.2 74998.4 1219 6 255 10 20
75006 75003.5 1220 6 255 10 20
75010.1 75008.8 1221 6 255 10 20
75111 75109.7 1222 6 255 10 20
75219.8 75218.8 1223 6 255 10 20
75280.5 75279 1224 6 255 10 20
75339.5 75332 1225 6 255 10 20
75346.4 75344.9 1226 6 255 10 20
75426.1 75424.8 1227 6 255 10 20
75474.1 75472.8 1228 6 255 10 20
75543.3 75542.1 1229 6 255 10 20
75612.2 75610.9 1230 6 255 10 20
77487 77484.7 1267 6 255 10 20
77625.8 77623.4 1271 6 255 5 100
77629.4 77625.7 1272 6 255 5 100
77685.6 77684.1 1273 6 255 10 20
78564.5 78561.4 1283 6 255 10 20
79360.8 79358.4 1294 6 255 10 20
81103.8 81100.9 1327 6 255 5 100
82561.8 82558.9 1356 6 255 10 20
83109.6 83107.9 1364 6 255 10 20
83396.7 83395.1 1371 6 255 10 20
84042 84040.4 1382 6 255 10 20
84045.5 84044.5 1383 6 255 10 20
84156.6 84154.5 1384 6 255 10 20
84163.9 84162.3 1385 6 255 10 20
84197 84194.9 1386 6 255 10 20
84312.6 84311.5 1387 6 255 10 20
84383.2 84381.9 1389 6 255 10 20
84424.3 84422.8 1390 6 255 10 20
84468.2 84467.1 1391 6 255 10 20
84477.5 84475.1 1392 6 255 10 20
84600.1 84598.8 1393 6 255 10 20
84615.9 84614.6 1394 6 255 10 20
84646.8 84645.6 1395 6 255 10 20
84676.3 84674.9 1396 6 255 10 20
84808.6 84807.5 1397 6 255 10 20
84854.7 84853.6 1398 6 255 10 20
84895.9 84895 1399 6 255 10 20
84916.8 84915.4 1400 6 255 10 20
84923.4 84922.1 1401 6 255 10 20
84965.8 84963.7 1402 6 255 5 100
84988.6 84986.1 1403 6 255 5 100
85100.1 85098.9 1404 6 255 10 20
85213 85211.5 1405 6 255 10 20
85297 85295.7 1406 6 255 10 20
85366.8 85365.7 1407 6 255 10 20
85368.4 85367 1408 6 255 10 20
85372.3 85371.3 1409 6 255 10 20
85469.4 85468.5 1410 6 255 10 20
85522.1 85521.1 1411 6 255 10 20
85534 85532.7 1412 6 255 10 20
85560.7 85559.9 1413 6 255 10 20
85624 85622.9 1414 6 255 10 20
85719.5 85717.3 1415 6 255 5 100
85753.1 85751 1416 6 255 5 100
85757.9 85756.9 1417 6 255 10 20
85767.7 85766.5 1418 6 255 10 20
85913.9 85913 1419 6 255 10 20
85946.9 85945.9 1420 6 255 10 20
86199.7 86197.6 1421 6 255 10 20
86288.6 86287.8 1422 6 255 10 20
86428.4 86427.5 1424 6 255 10 20
86577 86574.9 1425 6 255 5 100
86675.7 86674.7 1426 6 255 10 20
86683.4 86682.4 1427 6 255 10 20
86700 86699.2 1428 6 255 10 20
86702.8 86702 1429 6 255 10 20
86733.1 86732.2 1430 6 255 10 20
86873.1 86871.9 1431 6 255 10 20
86913.5 86912.9 1432 6 255 10 20
86920.6 86919.8 1433 6 255 10 20
87019.1 87018.1 1434 6 255 10 20
87072.5 87071.6 1435 6 255 10 20
87130.3 87129.6 1436 6 255 10 20
87149.9 87149.1 1437 6 255 10 20
87176.1 87175.3 1438 6 255 10 20
87197.5 87196.9 1439 6 255 10 20
87210.8 87208.9 1440 6 255 5 100
87240 87239.5 1441 6 255 10 20
87399.1 87398.5 1442 6 255 10 20
87404.2 87401.9 1443 6 255 10 20
87481.9 87480.1 1444 6 255 10 20
87536.8 87536 1445 6 255 10 20
87557.5 87556.4 1446 6 255 10 20
87603.7 87602.6 1447 6 255 10 20
87675.5 87674.7 1448 6 255 10 20
87686.5 87685.6 1449 6 255 10 20
87793.3 87792.3 1450 6 255 10 20
87818.6 87817.9 1451 6 255 10 20
87855.6 87854.7 1452 6 255 10 20
87869.6 87867.5 1453 6 255 5 100
87980.8 87977.2 1454 6 255 5 100
88039.3 88038.4 1457 6 255 10 20
88085.9 88085 1458 6 255 10 20
88107.5 88106.3 1459 6 255 10 20
88188.4 88187.4 1460 6 255 10 20
88196.8 88195.7 1461 6 255 10 20
88580.7 88579.7 1463 6 255 10 20
88607.4 88606.1 1464 6 255 10 20
88641.8 88639.4 1465 6 255 5 100
88680.2 88677.9 1466 6 255 10 20
88750.6 88749.4 1467 6 255 10 20
88764.6 88763.5 1468 6 255 10 20
88883.8 88882.1 1469 6 255 10 20
88886 88884.1 1470 6 255 10 20
88896.7 88895.6 1471 6 255 10 20
88915.2 88913.9 1472 6 255 10 20
88974 88972.6 1473 6 255 10 20
89005.8 89004.6 1474 6 255 10 20
89027.5 89026.2 1475 6 255 10 20
89089.4 89088.2 1476 6 255 10 20
89101.5 89100 1477 6 255 10 20
89158.8 89157.6 1478 6 255 10 20
89468.4 89466.4 1486 6 255 10 20
92912.7 92909.2 1534 6 255 10 20
95829.6 95827 1571 6 255 5 100
96685.3 96683.9 1578 6 255 10 20
96808.7 96806.4 1580 6 255 10 20
96868.9 96867.7 1581 6 255 10 20
96880.4 96879.3 1582 6 255 10 20
96930.5 96929.3 1583 6 255 10 20
97097.3 97096.2 1584 6 255 10 20
97126.1 97123.8 1585 6 255 5 100
97182.1 97181 1586 6 255 10 20
97224.9 97223.5 1587 6 255 10 20
97241.5 97240.5 1589 6 255 10 20
97412.5 97411.4 1590 6 255 10 20
97452.5 97451.2 1591 6 255 10 20
97516.6 97515.5 1593 6 255 10 20
97542.6 97541.7 1594 6 255 10 20
97588.6 97587.6 1595 6 255 10 20
97678.4 97677.2 1596 6 255 10 20
97739.1 97734.2 1597 6 255 10 20
97832.7 97830.4 1598 6 255 5 100
97869.8 97868.8 1599 6 255 10 20
97875.3 97874.4 1600 6 255 10 20
97944.7 97943.6 1602 6 255 10 20
98046.8 98045.7 1603 6 255 10 20
98063.5 98062.5 1604 6 255 10 20
98069.8 98068.6 1605 6 255 10 20
98216.3 98214 1607 6 255 10 20
98242.7 98241.4 1608 6 255 10 20
98249.8 98248.9 1609 6 255 10 20
98408.8 98407.9 1610 6 255 10 20
98411.8 98410.1 1611 6 255 10 20
98457.2 98455.9 1612 6 255 10 20
98539.6 98537.7 1613 6 255 5 100
98634.2 98633.4 1614 6 255 10 20
98659.7 98658.6 1615 6 255 10 20
98665.8 98665 1616 6 255 10 20
98683.8 98683.1 1617 6 255 10 20
98702 98700 1618 6 255 10 20
98708.7 98707.5 1619 6 255 10 20
98739.5 98738.4 1620 6 255 10 20
98907.5 98906.3 1621 6 255 10 20
98945.8 98945 1622 6 255 10 20
98976 98974.8 1623 6 255 10 20
98991.1 98990.2 1624 6 255 10 20
99026.2 99025.3 1625 6 255 10 20
99040.3 99039.2 1626 6 255 10 20
99053.1 99052.4 1627 6 255 10 20
99217.3 99216.7 1628 6 255 10 20
99242.3 99240.3 1629 6 255 5 100
99256.1 99255 1630 6 255 10 20
99446.9 99446 1632 6 255 10 20
99455.9 99454.9 1633 6 255 10 20
99484.3 99483.3 1634 6 255 10 20
99601.9 99601.2 1635 6 255 10 20
99632.5 99631.9 1636 6 255 10 20
99641 99640.1 1637 6 255 10 20
99700.1 99699.3 1638 6 255 10 20
99715.7 99715.2 1639 6 255 10 20
99882.7 99881.9 1640 6 255 10 20
