1846.68 1844.51 35 6 255 10 20
1859.4 1853.4 38 6 255 10 20
2246.91 2244.3 47 6 255 5 100
3125.56 3123.22 63 6 255 5 100
4652.83 4648.92 84 6 255 5 100
5402.21 5400.84 97 6 255 10 20
6814.38 6813.17 120 6 255 10 20
6867.08 6864.21 122 6 255 10 20
8636.42 8635.09 143 6 255 10 20
9247 9244.55 151 6 255 10 20
9908.17 9906.02 166 6 255 10 20
10037.3 10034.9 168 6 255 10 20
11410.5 11408.9 185 6 255 10 20
11471.4 11469.6 187 6 255 10 20
12713.3 12711.9 201 6 255 10 20
13991.7 13990.1 223 6 255 10 20
14113.7 14112.5 224 6 255 10 20
14123 14121.7 225 6 255 10 20
15069 15067.7 234 6 255 10 20
15726.7 15725 250 6 255 10 20
15913.2 15911.9 257 6 255 10 20
16060.8 16059.7 261 6 255 10 20
17830.7 17828.8 300 6 255 10 20
20386.7 20384.7 331 6 255 10 20
20541 20539.3 335 6 255 10 20
20675.9 20673.5 338 6 255 5 100
21115.7 21112.9 347 6 255 5 100
21546.2 21544.6 353 6 255 10 20
21967 21964.7 355 6 255 10 20
22898 22896.4 377 6 255 10 20
23110.9 23109 380 6 255 10 20
23744.9 23741.2 388 6 255 5 100
24225.7 24224.1 398 6 255 10 20
24405 24402.4 401 6 255 10 20
24906.3 24896 412 6 255 10 20
25340.6 25339 421 6 255 10 20
25904.9 25902.3 425 6 255 5 100
26761.9 26760.3 441 6 255 10 20
26885.3 26884.2 445 6 255 10 20
29466.2 29464.7 480 6 255 10 20
29467.7 29465.1 481 6 255 10 20
30256 30254.5 497 6 255 10 20
30406.9 30405.6 501 6 255 10 20
32893 32890.8 536 6 255 5 100
33781.7 33779.1 552 6 255 10 20
34029.2 34026.9 559 6 255 10 20
34809 34806.3 571 6 255 10 20
36548.5 36545.7 601 6 255 5 100
36559.3 36555.6 603 6 255 5 100
36602.1 36600 604 6 255 10 20
38298.8 38297.4 633 6 255 10 20
38452 38450.7 636 6 255 10 20
38466.6 38465.3 637 6 255 10 20
39716.8 39715.4 648 6 255 10 20
39829.6 39828.2 649 6 255 10 20
39847.1 39845.9 650 6 255 10 20
41917.8 41916.7 681 6 255 10 20
42033.8 42032.4 687 6 255 10 20
42238.6 42236.2 691 6 255 5 100
42543 42537.9 696 6 255 10 20
43551.2 43548.1 707 6 255 10 20
44071.8 44068.1 719 6 255 5 100
46158.1 46157 753 6 255 10 20
46242.9 46241.7 754 6 255 10 20
46326 46324.9 756 6 255 10 20
46330 46329.1 757 6 255 10 20
46350 46348.9 758 6 255 10 20
46412.3 46411.4 759 6 255 10 20
46446.7 46445.4 760 6 255 10 20
46521.6 46520.6 761 6 255 10 20
46552.4 46551.1 762 6 255 10 20
46635.8 46634.8 763 6 255 10 20
46650.5 46649.3 764 6 255 10 20
46660.1 46658.7 765 6 255 10 20
46718 46716.9 766 6 255 10 20
46793.3 46790.9 768 6 255 5 100
46876.9 46874.8 769 6 255 5 100
46907.9 46905.8 770 6 255 5 100
46921.6 46919.3 771 6 255 5 100
46940 46938 772 6 255 5 100
47014.3 47012.1 773 6 255 5 100
47084.2 47081.8 774 6 255 5 100
47234.5 47231.5 775 6 255 5 100
47260.8 47258.4 776 6 255 5 100
47266.8 47264.4 777 6 255 5 100
47272.5 47269.9 778 6 255 5 100
47281.1 47278.7 779 6 255 5 100
47334.3 47332 780 6 255 5 100
48634.6 48633.3 802 6 255 10 20
48768.3 48766.8 805 6 255 10 20
49546 49543.2 824 6 255 10 20
49725.5 49721.1 826 6 255 10 20
49843.7 49841.8 828 6 255 10 20
51102.6 51099.4 849 6 255 5 100
51122.1 51119.2 850 6 255 5 100
54264.8 54261.7 898 6 255 5 100
54289.1 54285.2 900 6 255 5 100
56335.4 56333 928 6 255 10 20
56392.3 56390.6 931 6 255 10 20
57346.6 57345.7 950 6 255 10 20
58596.5 58595.3 978 6 255 10 20
58839 58837.8 980 6 255 10 20
58956.7 58955.8 981 6 255 10 20
58960.2 58959 982 6 255 10 20
59069.9 59068.9 983 6 255 10 20
59088.8 59087.7 984 6 255 10 20
59150.5 59149.6 985 6 255 10 20
59426.8 59426 986 6 255 10 20
59434.7 59433.7 987 6 255 10 20
59488.4 59487.4 988 6 255 10 20
59528.8 59527.5 989 6 255 10 20
59598.7 59597.8 990 6 255 10 20
59624.3 59623.2 991 6 255 10 20
59843.8 59842.5 992 6 255 10 20
59912.4 59911.6 993 6 255 10 20
59978.9 59977.7 994 6 255 10 20
60186.8 60185.9 995 6 255 10 20
60415.7 60414.2 996 6 255 10 20
60418.2 60416.8 997 6 255 10 20
60430.4 60429.4 998 6 255 10 20
60446.1 60444.8 999 6 255 10 20
60621 60619.8 1001 6 255 10 20
60639 60637.7 1002 6 255 10 20
60673.1 60671.7 1003 6 255 10 20
60687.4 60686.5 1004 6 255 10 20
60709.3 60708.3 1005 6 255 10 20
60794.2 60793.1 1007 6 255 10 20
60807.6 60806.5 1008 6 255 10 20
60911.7 60910.6 1009 6 255 10 20
60918.9 60917.6 1010 6 255 10 20
61006.1 61004.6 1011 6 255 10 20
61041.8 61039.4 1012 6 255 10 20
61083.5 61082.5 1013 6 255 10 20
61222.8 61221.7 1014 6 255 10 20
61253.2 61252.1 1015 6 255 10 20
62694.5 62692.9 1033 6 255 10 20
63000 62998.3 1040 6 255 10 20
63405.7 63402.3 1048 6 255 10 20
64771.2 64768.2 1070 6 255 5 100
64785.8 64783.3 1071 6 255 5 100
67090.3 67088.9 1115 6 255 10 20
67213.8 67212.1 1117 6 255 10 20
68705.2 68699.9 1144 6 255 5 100
70086.6 70085.2 1167 6 255 10 20
70973.4 70969 1180 6 255 10 20
71176.9 71174.6 1184 6 255 10 20
71860.6 71859.4 1195 6 255 10 20
72158 72157.2 1201 6 255 10 20
72437.5 72436.4 1205 6 255 10 20
72529.6 72528.7 1207 6 255 10 20
72611.5 72610.7 1208 6 255 10 20
72615.2 72614.4 1209 6 255 10 20
72661.1 72659.2 1210 6 255 10 20
72677.6 72676.6 1211 6 255 10 20
72693.3 72692.4 1212 6 255 10 20
72820.9 72819.9 1213 6 255 10 20
72866.3 72865.4 1214 6 255 10 20
72876.1 72875.1 1215 6 255 10 20
72897.6 72896.8 1216 6 255 10 20
73072.9 73072.3 1217 6 255 10 20
73119 73118.4 1218 6 255 10 20
73196.6 73195.9 1219 6 255 10 20
73243.8 73242.8 1220 6 255 10 20
73323.6 73323 1221 6 255 10 20
73360.8 73360.2 1222 6 255 10 20
73415.4 73414.6 1223 6 255 10 20
73527.6 73526.8 1224 6 255 10 20
73547.5 73546.6 1225 6 255 10 20
73606.8 73605.6 1226 6 255 10 20
73640.7 73639.6 1227 6 255 10 20
73834.4 73833.6 1228 6 255 10 20
73905.2 73904.4 1230 6 255 10 20
73914.3 73912.6 1231 6 255 10 20
73956.7 73955.6 1232 6 255 10 20
73977 73976.1 1233 6 255 10 20
73990.6 73989.5 1234 6 255 10 20
74052.1 74051 1236 6 255 10 20
74191.6 74190.6 1238 6 255 10 20
74196 74194.7 1239 6 255 10 20
74218.5 74217.4 1240 6 255 10 20
74233.2 74231.3 1241 6 255 10 20
74245.3 74241.4 1243 6 255 10 20
74315.7 74313.5 1245 6 255 5 100
74402.8 74400.7 1246 6 255 5 100
74524.8 74520.8 1247 6 255 5 100
74536.2 74533.9 1248 6 255 5 100
74580.7 74578 1249 6 255 5 100
74698 74694.5 1251 6 255 5 100
74751.3 74749.2 1252 6 255 5 100
74835.2 74832.8 1253 6 255 5 100
74935.9 74933.8 1254 6 255 5 100
75112.3 75110 1255 6 255 5 100
75196.1 75193.6 1256 6 255 5 100
75212.1 75209.7 1257 6 255 5 100
75269.1 75266.9 1259 6 255 5 100
75305.7 75303.5 1260 6 255 5 100
75337.6 75335 1262 6 255 5 100
75640.3 75637.7 1271 6 255 10 20
76640.8 76639.1 1276 6 255 10 20
77850.8 77849.2 1301 6 255 10 20
80198.2 80194.8 1333 6 255 10 20
83278.2 83275.9 1387 6 255 10 20
84176.5 84175.1 1403 6 255 10 20
85196 85194 1424 6 255 10 20
85289.2 85286.2 1427 6 255 5 100
85998.5 85995.4 1441 6 255 5 100
86131.6 86130.7 1447 6 255 10 20
86403 86402.2 1448 6 255 10 20
86418.6 86417.7 1449 6 255 10 20
86450.6 86449.7 1450 6 255 10 20
86554.6 86553.8 1451 6 255 10 20
86576.1 86575.1 1453 6 255 10 20
86606.9 86606 1454 6 255 10 20
86609.9 86608 1455 6 255 10 20
86619 86618 1456 6 255 10 20
86644.9 86643.8 1457 6 255 10 20
86731.1 86730.1 1458 6 255 10 20
86852.1 86851.2 1459 6 255 10 20
86890 86888.8 1460 6 255 10 20
86922.7 86921.6 1461 6 255 10 20
86937.6 86936.4 1462 6 255 10 20
86953 86951.6 1463 6 255 10 20
87126.3 87125.1 1464 6 255 10 20
87195.4 87194.1 1465 6 255 10 20
87272.7 87271.6 1466 6 255 10 20
87363.5 87362.2 1467 6 255 10 20
87560.3 87559.2 1468 6 255 10 20
87583.1 87580.5 1469 6 255 10 20
87593 87591.6 1470 6 255 10 20
87654 87652.9 1471 6 255 10 20
87687.5 87686 1472 6 255 10 20
87941.4 87940.3 1473 6 255 10 20
87993.8 87992.7 1474 6 255 10 20
88002.8 88001.7 1475 6 255 10 20
88102.9 88101.9 1476 6 255 10 20
88726.9 88725.3 1484 6 255 10 20
90138.1 90134.8 1504 6 255 5 100
90269.2 90266.6 1506 6 255 10 20
90825.6 90823.8 1514 6 255 10 20
91047 91044.2 1517 6 255 5 100
92073.1 92071.9 1530 6 255 10 20
92201.4 92200.1 1533 6 255 10 20
92662.1 92660.6 1544 6 255 10 20
96053.1 96051.7 1608 6 255 10 20
96403.3 96401.4 1613 6 255 10 20
96807.4 96804.6 1620 6 255 10 20
97124.6 97123.6 1626 6 255 10 20
97909.4 97907.8 1639 6 255 10 20
98586.4 98583.2 1652 6 255 5 100
98738.4 98735.5 1656 6 255 10 20
99142.4 99141.3 1661 6 255 10 20
99162.9 99162 1662 6 255 10 20
99192.6 99191.4 1663 6 255 10 20
99246.7 99240.3 1664 6 255 10 20
99379.5 99378.4 1665 6 255 10 20
99436.1 99433.8 1667 6 255 5 100
99620.9 99618.8 1668 6 255 5 100
