36.3893 34.4326 1 252 5 5 97 1.95675 2.2021
706.643 705.678 2 252 5 6 11 0.965134 1.54134
845.918 843.504 6 252 5 5 97 2.41389 2.11833
1498.24 1496.16 7 252 5 6 11 2.0802 0.786716
1558.03 1556.31 9 252 5 5 97 1.72721 1.88013
2190.74 2189.8 11 252 5 6 11 0.935225 1.15159
2302.78 2299.79 12 252 5 5 97 2.99566 1.98544
2979.65 2972.73 14 252 5 6 11 6.91795 1.30158
3026.81 3023.37 15 252 5 5 97 3.43062 2.13258
3639.44 3637.55 16 252 5 6 11 1.88112 1.09293
3699.24 3696.66 18 252 5 5 97 2.57776 2.30431
5313.09 5311.57 19 252 5 6 11 1.51495 1.78732
5913.39 5910.81 20 252 5 5 97 2.57824 5.03069
6648.77 6647.73 21 254 5 6 11 1.03517 0.904037
6665.7 6663.94 22 254 5 5 97 1.75878 1.6067
7307.1 7305.98 23 254 5 6 11 1.12185 0.808604
7358.12 7355.92 25 254 5 5 97 2.19952 1.79079
8123.36 8121.57 27 254 5 6 11 1.78801 0.962804
8470.93 8468.91 30 254 5 5 97 2.01832 2.58286
9077.77 9076.48 31 254 5 6 11 1.2901 0.91511
9113.97 9111.59 32 254 5 5 97 2.37333 2.33975
9800.74 9798.23 34 254 5 6 11 2.50995 1.58508
9819.8 9817.2 35 254 5 5 97 2.60138 2.22952
12640.5 12639.7 36 253 5 6 11 0.7651 0.765749
12666.7 12665 37 253 5 5 97 1.77129 1.89119
13344.1 13342.9 39 253 5 6 11 1.20737 0.682382
13476.1 13474.4 40 253 5 5 97 1.74342 1.67052
15773.9 15772.2 42 252 5 6 11 1.68028 0.829715
16277.6 16274.3 44 252 5 5 97 3.38431 2.18755
16942.1 16940.7 48 252 5 6 11 1.42184 1.31156
17588.8 17586.4 51 252 5 5 97 2.37608 2.2795
18578.9 18576.9 52 252 5 6 11 1.99294 1.20588
19223.3 19221.4 53 254 5 5 97 1.86446 2.10274
19854.8 19853.9 54 254 5 6 11 0.991229 0.697334
19938.2 19935.7 55 254 5 5 97 2.5307 2.06123
20538.4 20537.4 56 254 5 6 11 0.996448 0.9313
20635.3 20626.2 57 254 5 5 97 9.10076 1.69217
21324 21322.9 58 254 5 6 11 1.10828 0.860997
21390.9 21389 60 254 5 5 97 1.86738 2.11085
22020.3 22019.1 61 254 5 6 11 1.10853 1.01073
22051.6 22042.7 62 254 5 5 97 8.90168 2.27223
23131.3 23130 63 254 5 6 11 1.33965 3.38235
24566.6 24564.8 64 253 5 5 97 1.82728 1.9191
25221.6 25220.9 66 253 5 6 11 0.722827 0.829452
25253 25251.3 67 253 5 5 97 1.68387 1.96601
25879.1 25877.5 68 253 5 6 11 1.60054 0.967545
26042 26040.1 71 253 5 5 97 1.89929 1.93016
26642.3 26641.2 72 253 5 6 11 1.15867 1.21143
26810.7 26807.8 73 253 5 5 97 2.85619 2.20573
27569.8 27568.6 74 253 5 6 11 1.2142 2.82337
28214.4 28212 75 253 5 5 97 2.41854 2.82641
29382.7 29381.3 76 252 5 6 11 1.41365 0.984358
29537.1 29533.7 79 252 5 5 97 3.37179 2.18547
30559.9 30558.6 81 254 5 6 11 1.29077 4.65853
30789.7 30770.7 83 254 5 5 97 19.0188 9.05661
31603.6 31602.6 85 254 5 6 11 0.97565 0.88393
31768.6 31766.4 87 254 5 5 97 2.21903 2.24279
32372.1 32371 88 254 5 6 11 1.11283 0.569996
32400.6 32394 89 254 5 5 97 6.55594 8.45735
33103 33102.3 90 254 5 6 11 0.640446 0.839528
33119.6 33117.5 91 254 5 5 97 2.06737 1.87925
33767.8 33766.6 92 254 5 6 11 1.2332 0.824244
33871.8 33869.7 94 254 5 5 97 2.06442 1.85711
35614.7 35613.2 95 253 5 6 11 1.51146 2.43071
35662.2 35659.9 96 253 5 5 97 2.24192 2.57085
36332.2 36331.3 98 253 5 6 11 0.956045 1.16336
36425.7 36423.4 99 253 5 5 97 2.20443 1.89365
37057.5 37056.7 100 253 5 6 11 0.828275 1.14042
37323.9 37321.8 102 253 5 5 97 2.01351 2.21688
37998.1 37997.1 103 253 5 6 11 1.0251 1.24806
38028 38026 104 253 5 5 97 2.03639 2.27475
38644.8 38644 105 253 5 6 11 0.77101 1.05666
38652.4 38650.6 106 253 5 5 97 1.78006 2.00929
39254.3 39253.5 107 253 5 6 11 0.797676 0.942121
39282.2 39279.7 108 253 5 5 97 2.58136 1.96901
39892.5 39891.5 109 253 5 6 11 0.959331 0.794485
39903.4 39901.4 110 253 5 5 97 1.97137 1.74916
39907 39905.1 111 253 5 5 97 1.88972 5.03972
40623.8 40622.6 112 253 5 6 11 1.24635 0.846589
40733.6 40731.3 114 253 5 5 97 2.27837 1.99035
42166.9 42165.6 115 253 5 6 11 1.31326 1.86125
43304.8 43302.8 116 254 5 5 97 1.93722 1.92695
43927.5 43925.6 117 254 5 6 11 1.86783 1.22676
43976.1 43973.9 119 254 5 5 97 2.19041 2.35128
44775 44773.8 120 254 5 6 11 1.20521 1.22691
44795.6 44793.3 121 254 5 5 97 2.31549 2.46838
45540.3 45539 122 254 5 6 11 1.29285 1.43306
45596 45593.6 123 254 5 5 97 2.37981 7.8144
46203.7 46197.1 124 254 5 6 11 6.61738 1.29232
46222.3 46219.5 125 254 5 5 97 2.8534 2.06858
46833.8 46832.8 127 254 5 6 11 0.986652 1.02466
46880 46878 128 254 5 5 97 2.00225 2.0939
47482.1 47480.6 129 254 5 6 11 1.55243 1.16411
47608.5 47606.5 131 254 5 5 97 1.97756 2.31194
50163.2 50162.6 132 253 5 6 11 0.603707 2.98064
50183.2 50181.3 133 253 5 5 97 1.92737 1.70973
50858.2 50857.3 134 253 5 6 11 0.879282 0.997808
50877.6 50875.5 135 253 5 5 97 2.13915 1.9866
51477.1 51475.8 136 253 5 6 11 1.27213 1.27007
51611.4 51608.3 137 253 5 5 97 3.11324 2.0263
52213.8 52212.9 138 253 5 6 11 0.87063 1.22585
52312.6 52310.4 140 253 5 5 97 2.18331 11.3717
53178.2 53177 141 253 5 6 11 1.19792 1.26359
53246.8 53244.7 142 253 5 5 97 2.13067 1.79785
54352.1 54351 144 253 5 6 11 1.13412 0.989019
54379.1 54376.4 145 253 5 5 97 2.67192 1.9742
55012 55011.1 146 253 5 6 11 0.934433 1.09877
56203.5 56201.7 148 254 5 5 97 1.82279 2.0296
57051.5 57050.5 150 254 5 6 11 0.936044 1.4111
57186.6 57184.6 151 254 5 5 97 2.0648 2.43594
57806.9 57805.5 152 254 5 6 11 1.34152 1.45392
57891.9 57889.7 153 254 5 5 97 2.24101 2.51149
58495.9 58494.7 154 254 5 6 11 1.23808 1.65315
58513.2 58510.5 155 254 5 5 97 2.7669 2.76936
59203.2 59202.3 157 254 5 6 11 0.90627 1.06927
59232.7 59230 158 254 5 5 97 2.74137 2.16036
59872.4 59871.1 159 254 5 6 11 1.3303 1.26179
60121.1 60118 160 254 5 5 97 3.1071 1.87145
60753.9 60752.4 161 254 5 6 11 1.42849 0.986603
61354.4 61351.8 162 253 5 5 97 2.64089 2.10189
61967.1 61965.5 163 253 5 6 11 1.67 1.12166
62023.6 62021.5 165 253 5 5 97 2.03936 1.86349
62635.2 62634.4 166 253 5 6 11 0.793303 0.822075
62718.8 62711.4 167 253 5 5 97 7.40948 1.76406
63336.3 63335.6 168 253 5 6 11 0.714633 0.991895
63423.4 63421.6 169 253 5 5 97 1.79013 1.7234
64074.9 64073.7 170 253 5 6 11 1.21999 1.06889
64087.2 64081.9 171 253 5 5 97 5.34241 2.28135
64785.6 64784.5 172 253 5 6 11 1.09055 1.07149
64841.7 64839.5 173 253 5 5 97 2.24043 2.25221
65485.6 65484.4 174 253 5 6 11 1.1201 0.930106
65495.2 65492.9 175 253 5 5 97 2.30369 1.9954
66315.8 66314.7 177 253 5 6 11 1.12277 0.807691
66326.3 66324.3 178 253 5 5 97 2.02062 1.87167
67054.6 67052.3 179 253 5 6 11 2.30303 0.873906
67238.2 67235.7 182 253 5 5 97 2.51636 1.95779
70117 70115.5 186 254 5 6 11 1.50538 1.28932
70127.4 70123.9 187 254 5 5 97 3.51911 3.20808
70738.2 70737 188 254 5 6 11 1.17393 3.39341
70747.3 70744.8 189 254 5 5 97 2.51175 2.24925
71354.6 71346.8 190 254 5 6 11 7.82178 2.00659
71356.6 71353.8 191 254 5 6 11 2.88361 1.18094
71482.7 71480.4 192 254 5 5 97 2.29576 1.95487
72140.7 72139.9 193 254 5 6 11 0.856312 1.03018
72157.3 72154.8 194 254 5 5 97 2.48185 3.04897
72814.2 72812.9 195 254 5 6 11 1.25176 1.01754
72914.3 72912.4 196 254 5 5 97 1.8912 1.93906
73566.3 73565.2 198 254 5 6 11 1.12878 1.23091
73595.3 73592.8 199 254 5 5 97 2.49978 1.8407
74245.5 74243.9 200 254 5 6 11 1.63356 1.19945
74357.4 74355.5 201 254 5 5 97 1.89995 1.99442
74993.6 74992.4 202 254 5 6 11 1.16954 1.01183
75000.2 74997.4 203 254 5 5 97 2.75939 1.85669
76216.4 76215 204 254 5 6 11 1.39127 2.19002
76231.2 76228.8 205 254 5 5 97 2.34845 2.54328
77650 77649.3 206 253 5 6 11 0.642149 0.956856
77902.2 77899.9 207 253 5 5 97 2.23356 2.11427
78668.9 78667.1 209 253 5 6 11 1.87794 0.8396
78739.9 78737.8 210 253 5 5 97 2.02275 2.22336
79415.6 79414.4 211 253 5 6 11 1.28478 1.20856
79497.7 79495.7 212 253 5 5 97 2.04717 3.33203
80891.9 80890.6 213 253 5 6 11 1.33177 1.37174
82881.1 82877.5 214 254 5 5 97 3.63954 2.39615
83755.7 83754.8 216 254 5 6 11 0.935934 0.977982
83932.5 83930.4 218 254 5 5 97 2.11052 2.00911
84545.6 84544.5 219 254 5 6 11 1.07179 0.953498
84551.8 84549.4 220 254 5 5 97 2.43465 1.79428
85186.9 85186 222 254 5 6 11 0.892671 0.8723
85230.6 85228.5 223 254 5 5 97 2.05452 3.33882
85853.1 85852.4 224 254 5 6 11 0.735206 0.835026
85894.2 85892.3 225 254 5 5 97 1.91804 2.54053
86560.8 86558.8 227 254 5 6 11 1.92059 0.861946
86695.7 86688.3 228 254 5 5 97 7.42089 2.2685
87335 87334.1 229 254 5 6 11 0.853675 0.823837
87481.2 87478.8 230 254 5 5 97 2.33305 1.79247
88243.1 88241.2 231 254 5 6 11 1.86269 1.21205
88569 88554.8 232 254 5 5 97 14.2777 2.12175
89327.7 89326.1 234 254 5 6 11 1.57333 1.4665
89692.1 89689.6 235 254 5 5 97 2.57074 4.69276
90485.3 90484.5 236 253 5 6 11 0.831891 0.846232
90492.4 90490.5 237 253 5 5 97 1.90053 2.0383
91122.1 91119.8 238 253 5 6 11 2.27019 1.07939
91160.5 91158.3 240 253 5 5 97 2.17585 2.01683
91761.8 91760.5 241 253 5 6 11 1.3376 1.12639
91835.1 91832.7 242 253 5 5 97 2.43721 9.42979
93302.6 93301.3 243 253 5 6 11 1.31876 2.0126
93442 93438.9 244 253 5 5 97 3.10053 2.25763
97021.7 97020.8 246 254 5 6 11 0.955192 0.832223
97043 97032.8 247 254 5 5 97 10.2067 2.29537
97663.9 97662.6 249 254 5 6 11 1.23535 0.923661
97737.8 97736 251 254 5 5 97 1.80163 1.84444
98344 98342.5 252 254 5 6 11 1.58409 1.01741
98371 98369.2 253 254 5 5 97 1.88852 1.83177
99093.5 99092.6 254 254 5 6 11 0.886897 0.867918
99347.7 99345.6 257 254 5 5 97 2.02805 2.0568
