1140.38 1138.74 22 2 255 10 20
1952.54 1951.16 43 2 255 10 20
2066.89 2065.29 48 2 255 10 20
2573.62 2572.24 58 2 255 10 20
4535.23 4533.95 89 2 255 10 20
4572.9 4571.32 90 2 255 10 20
6440.73 6438.57 117 2 255 5 100
6563.48 6561.72 118 2 255 5 100
6773.01 6771.97 120 2 255 10 20
6786.33 6785.64 121 2 255 10 20
6925.7 6925.04 122 2 255 10 20
6956.48 6955.53 123 2 255 10 20
7018.64 7017.65 124 2 255 10 20
7121.63 7120.79 125 2 255 10 20
7320.93 7320.23 126 2 255 10 20
7386.4 7384.47 128 2 255 5 100
7417.23 7413.65 129 2 255 5 100
7428.72 7426.95 130 2 255 5 100
7515.78 7514.14 131 2 255 5 100
7544.86 7543.17 132 2 255 5 100
7592.07 7590.27 133 2 255 5 100
7646.84 7645.12 135 2 255 5 100
7675.79 7673.39 136 2 255 5 100
7852.55 7851.69 139 2 255 10 20
7917.77 7916.97 140 2 255 10 20
7929.84 7929.01 141 2 255 10 20
8125.73 8124.45 142 2 255 10 20
8151.95 8150.68 143 2 255 10 20
8160.49 8159.37 144 2 255 10 20
8194.65 8193.65 145 2 255 10 20
8233.17 8231.94 146 2 255 10 20
8279.61 8277.77 147 2 255 10 20
8387.27 8386.35 148 2 255 10 20
8597.48 8596.48 149 2 255 10 20
8687.35 8684.88 150 2 255 10 20
8705.44 8704.34 151 2 255 10 20
8801.66 8800.25 152 2 255 10 20
8837.66 8836.34 153 2 255 10 20
8902.17 8900.98 154 2 255 10 20
8969.97 8968.42 155 2 255 10 20
8972.48 8969.03 156 2 255 10 20
9155.76 9154.53 157 2 255 10 20
9174.99 9173.88 158 2 255 10 20
9207.75 9206.2 159 2 255 10 20
9342.55 9340.42 161 2 255 5 100
9435.41 9433.99 162 2 255 10 20
9441.15 9440.01 163 2 255 10 20
9462.81 9461.33 164 2 255 10 20
9488.67 9487.22 165 2 255 10 20
9494.03 9492.81 166 2 255 10 20
9700.22 9698.69 167 2 255 10 20
9771.03 9769.66 168 2 255 10 20
9829.87 9828.35 169 2 255 10 20
9865.54 9864.27 170 2 255 10 20
9870.6 9869.45 171 2 255 10 20
9955.87 9954.56 172 2 255 10 20
10080.7 10078.3 173 2 255 5 100
10093.6 10092.4 174 2 255 10 20
10302.7 10301.2 179 2 255 10 20
10448.2 10446.3 181 2 255 10 20
10660.2 10657.9 188 2 255 10 20
10719.7 10718.5 190 2 255 10 20
10925.8 10921.9 198 2 255 5 100
11933.3 11930.1 214 2 255 10 20
12021.8 12019.1 216 2 255 5 100
12545.9 12544.2 224 2 255 10 20
12581.3 12579 225 2 255 10 20
16009.8 16006.9 267 2 255 10 20
17046.6 17045.4 284 2 255 10 20
17879.5 17878.4 294 2 255 10 20
18172.9 18170 298 2 255 10 20
18568.9 18568 307 2 255 10 20
18632 18630.8 308 2 255 10 20
18906.2 18905.5 310 2 255 10 20
18988.4 18987.4 311 2 255 10 20
19018.6 19017.8 312 2 255 10 20
19044.6 19043.8 313 2 255 10 20
19078.8 19077.9 314 2 255 10 20
19138.4 19137.2 315 2 255 10 20
19151.1 19150.2 316 2 255 10 20
19228.7 19227.7 317 2 255 10 20
19309.8 19309 318 2 255 10 20
19347.5 19346.6 319 2 255 10 20
19367.1 19366.4 320 2 255 10 20
19384.1 19383.2 322 2 255 10 20
19435.7 19434.9 323 2 255 10 20
19584.8 19582.3 325 2 255 5 100
19589.1 19586.4 326 2 255 5 100
19613.6 19612.9 327 2 255 10 20
19706.7 19704.9 328 2 255 10 20
20000.1 19999.3 329 2 255 10 20
20038 20037 330 2 255 10 20
20078 20076.8 331 2 255 10 20
20094.3 20092 332 2 255 10 20
20228.2 20225.7 333 2 255 10 20
20260.5 20258.8 334 2 255 5 100
20264.6 20261 335 2 255 5 100
20285.3 20284.1 336 2 255 10 20
20315.6 20314.6 337 2 255 10 20
20359.3 20358.1 338 2 255 10 20
20366 20364.8 339 2 255 10 20
20467.1 20466.1 340 2 255 10 20
20484.8 20483.7 341 2 255 10 20
20703.6 20700.4 342 2 255 10 20
20768.3 20767.1 343 2 255 10 20
20784.6 20783 344 2 255 10 20
21039.9 21038.5 345 2 255 10 20
21053.7 21051 346 2 255 5 100
21176.3 21175 347 2 255 10 20
21214.9 21213.4 348 2 255 10 20
21240.5 21239.4 349 2 255 10 20
21259.9 21258.4 350 2 255 10 20
21395.4 21393.9 351 2 255 10 20
21402.8 21401.3 352 2 255 10 20
21427.2 21426.1 353 2 255 10 20
21450.7 21449.1 354 2 255 10 20
21514.3 21512.8 355 2 255 10 20
21536.5 21534.9 356 2 255 10 20
21551.2 21549.9 357 2 255 10 20
21612.5 21611.2 358 2 255 10 20
21697.7 21695 360 2 255 10 20
21833.1 21828.1 363 2 255 5 100
21838.6 21835.1 364 2 255 5 100
22910.6 22901.3 382 2 255 10 20
24174.6 24172.7 403 2 255 10 20
24826.3 24823.8 419 2 255 10 20
25351.9 25350.3 425 2 255 10 20
25540.1 25538.4 429 2 255 10 20
26808.4 26806.6 456 2 255 10 20
27519.3 27516.5 465 2 255 5 100
27936.2 27933.9 473 2 255 10 20
27959.1 27956.9 474 2 255 10 20
30229.8 30228 515 2 255 10 20
30282.2 30279.9 517 2 255 10 20
31653.6 31652.2 540 2 255 10 20
32221.4 32220.4 550 2 255 10 20
32226.1 32221.5 551 2 255 10 20
32280.8 32279.9 553 2 255 10 20
32291.8 32291 554 2 255 10 20
32312.9 32311.7 555 2 255 10 20
32329.3 32327.3 556 2 255 10 20
32358.3 32357.5 557 2 255 10 20
32383.6 32382.4 558 2 255 10 20
32410.8 32400.4 560 2 255 10 20
32437.5 32432.3 561 2 255 10 20
32490.9 32490 563 2 255 10 20
32558.2 32557.3 564 2 255 10 20
32695.5 32694.6 565 2 255 10 20
32713.2 32712.2 566 2 255 10 20
32743.4 32741.1 567 2 255 10 20
32768.7 32767.9 568 2 255 10 20
32796.6 32795.6 569 2 255 10 20
32820.3 32814.1 570 2 255 10 20
32858.3 32857.6 571 2 255 10 20
32961 32959.9 572 2 255 10 20
32992.9 32991.8 573 2 255 10 20
33116.7 33115.9 574 2 255 10 20
33212.7 33210.9 575 2 255 5 100
33310.2 33308.2 577 2 255 5 100
33331.4 33330.4 578 2 255 10 20
33366.2 33363.9 580 2 255 10 20
33558.4 33557.1 581 2 255 10 20
33818.2 33817 582 2 255 10 20
33825.3 33824.4 583 2 255 10 20
33938.4 33937.1 584 2 255 10 20
34043.7 34041.8 585 2 255 5 100
34239.4 34238.3 587 2 255 10 20
34308.9 34304.8 588 2 255 10 20
34346.9 34345.8 589 2 255 10 20
34391.4 34390.3 590 2 255 10 20
34413.9 34412.8 591 2 255 10 20
34826.7 34824.5 593 2 255 10 20
34847.9 34845.5 594 2 255 5 100
35066.4 35065 595 2 255 10 20
35413.9 35411.7 597 2 255 10 20
37272.9 37269.4 629 2 255 10 20
37724.7 37723.1 637 2 255 10 20
38209.2 38207 641 2 255 10 20
41652.4 41650 698 2 255 10 20
41661.3 41659.9 699 2 255 10 20
42102.3 42095.1 706 2 255 5 100
42146.9 42142.8 708 2 255 5 100
42210.6 42205.9 712 2 255 5 100
42469.5 42462.6 720 2 255 10 20
43771.8 43766.4 742 2 255 10 20
44005.1 44002.8 747 2 255 10 20
44703.4 44702.4 759 2 255 10 20
45185.6 45184.7 765 2 255 10 20
45226.7 45226 766 2 255 10 20
45284.9 45284 767 2 255 10 20
45328 45326.8 768 2 255 10 20
45368.7 45367.7 769 2 255 10 20
45384.7 45383.7 770 2 255 10 20
45433.8 45432.9 771 2 255 10 20
45665.9 45664.8 772 2 255 10 20
45670.6 45669.6 773 2 255 10 20
45672.9 45671.7 774 2 255 10 20
45682.6 45681.3 775 2 255 10 20
45760.9 45760 776 2 255 10 20
45763.3 45761.3 777 2 255 10 20
45785.7 45784.8 778 2 255 10 20
45816.2 45815.1 779 2 255 10 20
45850.5 45849.4 780 2 255 10 20
45915 45913.9 781 2 255 10 20
45979.7 45978.6 782 2 255 10 20
46036.9 46036 783 2 255 10 20
46197.1 46196.2 784 2 255 10 20
46281.1 46280 785 2 255 10 20
46318.6 46317.4 786 2 255 10 20
46334.6 46333.8 787 2 255 10 20
46361.5 46360.6 788 2 255 10 20
46551.6 46550.7 789 2 255 10 20
46676.5 46675.8 790 2 255 10 20
46942.6 46941.4 791 2 255 10 20
46982.2 46980.8 792 2 255 10 20
46986.7 46985.9 793 2 255 10 20
47000.1 46999.2 794 2 255 10 20
47024.1 47022.8 795 2 255 10 20
47223.7 47222.5 796 2 255 10 20
47656.2 47655.3 798 2 255 10 20
47690.7 47688.5 800 2 255 5 100
47808 47805.8 801 2 255 5 100
47831 47829.9 803 2 255 10 20
47865.7 47864.6 805 2 255 10 20
47904.1 47902.8 806 2 255 10 20
47936 47935.1 807 2 255 10 20
47949.3 47947.2 808 2 255 10 20
47990.3 47988.9 810 2 255 10 20
48132.9 48131.6 811 2 255 10 20
48142.4 48141.1 812 2 255 10 20
48171.8 48170.5 813 2 255 10 20
48175.7 48174.3 814 2 255 10 20
48179.6 48178.5 815 2 255 10 20
48314.6 48312.8 816 2 255 10 20
48322.7 48317.2 817 2 255 10 20
48795.4 48793.7 823 2 255 10 20
49317.7 49315.1 829 2 255 5 100
50319.7 50318.1 838 2 255 10 20
50916.2 50911.4 850 2 255 10 20
50921.7 50919.7 851 2 255 10 20
54421.7 54420.2 922 2 255 10 20
55344.8 55342.6 934 2 255 10 20
55746.9 55745.1 942 2 255 10 20
58098.7 58097.6 977 2 255 10 20
58165.7 58164.7 978 2 255 10 20
58397.4 58396.2 979 2 255 10 20
58581.2 58580.4 980 2 255 10 20
58642.3 58641.5 981 2 255 10 20
58695.4 58694.3 982 2 255 10 20
58752.1 58750.3 984 2 255 5 100
58759.9 58758 985 2 255 5 100
58861.6 58859.5 986 2 255 5 100
58867 58864.1 987 2 255 5 100
58876.9 58875.2 988 2 255 5 100
58888.4 58886.5 989 2 255 5 100
58929.2 58927.3 990 2 255 5 100
58951 58949.1 991 2 255 5 100
59049.8 59047.4 992 2 255 5 100
59073.9 59072.1 993 2 255 5 100
59099 59097.1 994 2 255 5 100
59136.2 59134.2 995 2 255 5 100
59179.6 59177.6 996 2 255 5 100
59220.2 59218 997 2 255 5 100
59232.7 59229 998 2 255 5 100
59434.5 59432.7 999 2 255 5 100
59537.8 59535.7 1000 2 255 5 100
59642.9 59641.1 1001 2 255 5 100
59668.4 59667.3 1002 2 255 10 20
59802.3 59801.4 1003 2 255 10 20
59825.4 59824.7 1004 2 255 10 20
59883.9 59883 1005 2 255 10 20
59905.4 59904.6 1006 2 255 10 20
59921.5 59920.3 1007 2 255 10 20
60062.3 60061.1 1008 2 255 10 20
60184.9 60183.7 1010 2 255 10 20
60190.2 60189.5 1011 2 255 10 20
60227.6 60226.8 1012 2 255 10 20
60243.5 60241.9 1013 2 255 10 20
60258.8 60256.5 1015 2 255 5 100
60354.7 60353.8 1016 2 255 10 20
60478.1 60477.2 1017 2 255 10 20
60504.6 60495.4 1018 2 255 10 20
60593.2 60592 1020 2 255 10 20
60642.6 60641.7 1021 2 255 10 20
60668.7 60667.5 1022 2 255 10 20
61110.9 61109.9 1023 2 255 10 20
61126.2 61124.8 1024 2 255 10 20
61236.5 61234.2 1025 2 255 5 100
61260.9 61259.5 1026 2 255 10 20
61276.5 61274.4 1027 2 255 10 20
61330.3 61329.1 1028 2 255 10 20
61463.9 61462.5 1030 2 255 10 20
61519.3 61517.8 1031 2 255 10 20
61588.3 61587.2 1032 2 255 10 20
61671.6 61670.4 1033 2 255 10 20
61778.9 61775.8 1034 2 255 10 20
61796.9 61795.6 1035 2 255 10 20
61839.9 61838.5 1036 2 255 10 20
62569.4 62565.8 1048 2 255 5 100
64474.6 64472.9 1080 2 255 10 20
67144 67140.3 1131 2 255 10 20
68327.4 68325.2 1156 2 255 10 20
69008 69005.5 1167 2 255 5 100
69446.8 69443.5 1175 2 255 5 100
71349 71346.6 1212 2 255 10 20
71892.2 71890.7 1224 2 255 10 20
72432.4 72429.7 1232 2 255 5 100
73070.7 73069.8 1246 2 255 10 20
73104.4 73103.3 1247 2 255 10 20
73121 73120 1248 2 255 10 20
73161.4 73160.5 1249 2 255 10 20
73228.1 73227.1 1250 2 255 10 20
73234.1 73232.4 1252 2 255 10 20
73247.1 73245.3 1253 2 255 5 100
73271.6 73269.5 1254 2 255 5 100
73278 73276 1255 2 255 5 100
73287.9 73286.1 1256 2 255 5 100
73409 73407 1257 2 255 5 100
73489.5 73487.5 1258 2 255 5 100
73517.6 73515.3 1259 2 255 5 100
73523.6 73521 1260 2 255 5 100
73615.4 73613.1 1261 2 255 5 100
73621.6 73619.6 1262 2 255 5 100
73633.4 73631.7 1263 2 255 5 100
73721 73719.8 1265 2 255 10 20
73746.4 73745.5 1266 2 255 10 20
73800.4 73799.5 1267 2 255 10 20
73899.9 73898.9 1268 2 255 10 20
73902.2 73900.7 1269 2 255 10 20
74343.4 74342.1 1270 2 255 10 20
74449.8 74448.3 1271 2 255 10 20
74525.8 74523.7 1272 2 255 10 20
74677.8 74676.4 1274 2 255 10 20
74707.7 74706.3 1275 2 255 10 20
74738.4 74737.2 1276 2 255 10 20
74773.5 74772.1 1277 2 255 10 20
74863 74860.9 1279 2 255 5 100
74938.4 74936.1 1280 2 255 5 100
74993.9 74991.5 1283 2 255 10 20
75948.4 75946.3 1300 2 255 10 20
76292.2 76288.4 1303 2 255 5 100
79124.3 79122.7 1350 2 255 10 20
79543.1 79538.5 1355 2 255 10 20
80092.5 80090.5 1363 2 255 10 20
80244.9 80243.7 1364 2 255 10 20
81996.5 81995.2 1396 2 255 10 20
83842.5 83841.2 1418 2 255 10 20
84589.6 84580.1 1427 2 255 5 100
84898.5 84897.4 1433 2 255 10 20
86679.5 86678.4 1459 2 255 10 20
86690 86688.4 1460 2 255 10 20
86718.2 86717.4 1461 2 255 10 20
86756.5 86755.7 1463 2 255 10 20
86822.6 86821.6 1464 2 255 10 20
86871.5 86870.7 1465 2 255 10 20
86880.7 86879.6 1466 2 255 10 20
86937.2 86936.3 1467 2 255 10 20
87032.3 87031.3 1469 2 255 10 20
87054.4 87053.1 1470 2 255 10 20
87085 87084.1 1471 2 255 10 20
87097.5 87096.4 1472 2 255 10 20
87245.1 87244.1 1473 2 255 10 20
87260.4 87259.2 1474 2 255 10 20
87460.6 87459.6 1475 2 255 10 20
87542.5 87541.2 1476 2 255 10 20
87592.8 87591.6 1477 2 255 10 20
87677 87675.4 1478 2 255 10 20
87734.2 87733.1 1479 2 255 10 20
87769.4 87768.2 1480 2 255 10 20
87818.9 87817.6 1481 2 255 10 20
87836.4 87835.2 1482 2 255 10 20
87838.7 87837.5 1483 2 255 10 20
87883.3 87882.2 1484 2 255 10 20
87896 87895.1 1485 2 255 10 20
87906 87904.7 1486 2 255 10 20
87927.9 87926.7 1487 2 255 10 20
87983.3 87980.1 1488 2 255 5 100
89797.4 89794.4 1520 2 255 10 20
89809.2 89806.4 1521 2 255 10 20
92530.2 92528.7 1561 2 255 10 20
92927.4 92925.7 1567 2 255 10 20
94143.1 94141.5 1594 2 255 10 20
96686.2 96684.6 1637 2 255 10 20
97286.6 97285.4 1645 2 255 10 20
97287.7 97286 1646 2 255 10 20
98525.1 98523.2 1666 2 255 10 20
98980.4 98978.4 1671 2 255 10 20
99580.6 99579.9 1677 2 255 10 20
99612.3 99611.3 1678 2 255 10 20
99666.4 99665.7 1679 2 255 10 20
99672.7 99671.9 1680 2 255 10 20
99681.4 99680.5 1681 2 255 10 20
99760.4 99759.5 1682 2 255 10 20
