1008.82 1003.72 18 5 255 10 20
2697.13 2695.66 48 5 255 10 20
3143.9 3142.13 57 5 255 10 20
3649.54 3646.32 67 5 255 5 100
3814.19 3812.12 73 5 255 10 20
3957.32 3956.03 77 5 255 10 20
4116.37 4114.94 83 5 255 10 20
4375.11 4373.76 87 5 255 10 20
4441.39 4440.27 88 5 255 10 20
4533.39 4532.34 89 5 255 10 20
4906.6 4905.55 90 5 255 10 20
4919.75 4918.93 91 5 255 10 20
5049.65 5048.9 93 5 255 10 20
5085.22 5084.04 94 5 255 10 20
5104.71 5103.93 95 5 255 10 20
5308 5306.95 96 5 255 10 20
5473.07 5470.04 98 5 255 5 100
5481.03 5478.95 99 5 255 5 100
5485.35 5483.2 100 5 255 5 100
5535.27 5533.31 101 5 255 5 100
5561.74 5559.82 102 5 255 5 100
5712.46 5710.24 103 5 255 5 100
5788.67 5786.99 104 5 255 5 100
5908.22 5903.96 105 5 255 5 100
6055.98 6055.1 107 5 255 10 20
6084.1 6081.14 108 5 255 10 20
6085.42 6084.76 109 5 255 10 20
6091.9 6090.93 110 5 255 10 20
6120.63 6119.96 111 5 255 10 20
6163.17 6162.15 112 5 255 10 20
6213.08 6209 113 5 255 10 20
6278.93 6277.97 114 5 255 10 20
6314.05 6313.53 115 5 255 10 20
6322.45 6320.9 116 5 255 10 20
6410.24 6409.2 117 5 255 10 20
6532.44 6531.74 118 5 255 10 20
6553.83 6552.93 119 5 255 10 20
6647.73 6646.83 120 5 255 10 20
6663.94 6662.33 121 5 255 5 100
6948.1 6947.44 123 5 255 10 20
7029.85 7028.82 124 5 255 10 20
7058.49 7057.57 125 5 255 10 20
7075.44 7074.36 126 5 255 10 20
7114.3 7113.43 127 5 255 10 20
7221.41 7220.62 128 5 255 10 20
7305.98 7305.17 129 5 255 10 20
7345.62 7343.49 130 5 255 5 100
7355.92 7354.13 131 5 255 5 100
7483.16 7482.28 133 5 255 10 20
7817.54 7816.49 136 5 255 10 20
7902.06 7901.05 137 5 255 10 20
7915.16 7913.82 138 5 255 10 20
7942.94 7941.73 139 5 255 10 20
8039.5 8038.43 140 5 255 10 20
8121.57 8120.61 141 5 255 10 20
8278.12 8275.98 142 5 255 5 100
8284.8 8282.44 143 5 255 5 100
8468.91 8466.32 144 5 255 5 100
8478.27 8477.33 145 5 255 10 20
8557.45 8556.48 146 5 255 10 20
8662.44 8661.52 147 5 255 10 20
8685.53 8684.6 148 5 255 10 20
8693 8692.2 149 5 255 10 20
8697.45 8696.6 150 5 255 10 20
8714.13 8713.12 151 5 255 10 20
8753.12 8752.01 152 5 255 10 20
8760.4 8759.34 154 5 255 10 20
8853.96 8852.66 155 5 255 10 20
8883.58 8882.61 156 5 255 10 20
8923.63 8922.73 157 5 255 10 20
9067 9065.82 159 5 255 10 20
9076.48 9075.56 160 5 255 10 20
9111.59 9109.25 161 5 255 5 100
9122.97 9121.78 162 5 255 10 20
9143.48 9142.11 163 5 255 10 20
9169.7 9168.32 164 5 255 10 20
9327.9 9326.99 165 5 255 10 20
9382.37 9381.33 167 5 255 10 20
9406.07 9404.71 168 5 255 10 20
9424.7 9423.75 169 5 255 10 20
9477.09 9476.09 170 5 255 10 20
9588.69 9587.27 171 5 255 10 20
9594 9592.88 172 5 255 10 20
9676.23 9675.11 173 5 255 10 20
9796.35 9794.87 175 5 255 10 20
9798.23 9796.65 176 5 255 10 20
9817.2 9814.97 177 5 255 5 100
9862.61 9861.26 178 5 255 10 20
9953.67 9952.17 179 5 255 10 20
9974.29 9972.98 180 5 255 10 20
11933.9 11932.2 212 5 255 10 20
15212.7 15210.5 255 5 255 10 20
17158 17155.5 285 5 255 5 100
17790 17788.8 290 5 255 10 20
17984.6 17983.3 291 5 255 10 20
17994.3 17993.1 292 5 255 10 20
18005.2 18003.9 293 5 255 10 20
18174.6 18172.9 294 5 255 10 20
18197.6 18196.2 295 5 255 10 20
18265.6 18264.3 296 5 255 10 20
18410.8 18409.5 297 5 255 10 20
18541.3 18540.3 298 5 255 10 20
18564.7 18563.6 299 5 255 10 20
18626.8 18623.4 301 5 255 5 100
18654.7 18652.5 302 5 255 5 100
18662.3 18660 303 5 255 5 100
18715 18712.7 304 5 255 5 100
18808 18805 305 5 255 5 100
18853.2 18851.3 306 5 255 5 100
18960.5 18958.2 307 5 255 5 100
19134.4 19132.5 308 5 255 5 100
19206.3 19204.4 309 5 255 5 100
19221.4 19219.3 310 5 255 5 100
19328.8 19327.8 311 5 255 10 20
19540.7 19539.6 312 5 255 10 20
19585.9 19585.1 313 5 255 10 20
19690.3 19689.4 314 5 255 10 20
19730.3 19729.4 315 5 255 10 20
19759.4 19758.4 316 5 255 10 20
19785.6 19785 317 5 255 10 20
19810.7 19809.8 318 5 255 10 20
19819.8 19819.2 319 5 255 10 20
19853.9 19853.2 320 5 255 10 20
19935.7 19933.6 321 5 255 5 100
19984.9 19983.9 322 5 255 10 20
20051.3 20050.7 324 5 255 10 20
20175.7 20175.1 325 5 255 10 20
20226.2 20225.5 326 5 255 10 20
20537.4 20536.5 327 5 255 10 20
20626.2 20624.5 328 5 255 5 100
20672.2 20671.4 329 5 255 10 20
20747.9 20746.8 330 5 255 10 20
20756.8 20755.7 331 5 255 10 20
20774.5 20773.5 332 5 255 10 20
20884.2 20883 333 5 255 10 20
20932.5 20931.6 334 5 255 10 20
21157 21156.2 335 5 255 10 20
21322.9 21322.1 336 5 255 10 20
21329.8 21328.2 337 5 255 5 100
21389 21386.9 338 5 255 5 100
21398.5 21397.5 339 5 255 10 20
21599.1 21597.9 340 5 255 10 20
21710.1 21708 341 5 255 10 20
21847.1 21846 343 5 255 10 20
21882.7 21881.5 344 5 255 10 20
22019.1 22018.1 346 5 255 10 20
22042.7 22040.4 347 5 255 5 100
22068.7 22067.5 349 5 255 10 20
22077.7 22075.8 350 5 255 10 20
22246.7 22245.2 352 5 255 10 20
22347.8 22346.3 353 5 255 10 20
22382.6 22380.9 354 5 255 10 20
22407.9 22406.5 355 5 255 10 20
22441.9 22439.1 356 5 255 10 20
22479 22477.5 357 5 255 10 20
22496 22493.4 358 5 255 10 20
22552.5 22550.8 359 5 255 10 20
22634.4 22633.2 360 5 255 10 20
22640.5 22638.6 361 5 255 10 20
23130 23126.6 369 5 255 10 20
25192.4 25189.8 395 5 255 10 20
25490.3 25489 400 5 255 10 20
26758.5 26755.5 424 5 255 5 100
28925 28923.7 472 5 255 10 20
28971.1 28969.8 474 5 255 10 20
28981.6 28979.2 475 5 255 10 20
29351.4 29349.5 482 5 255 10 20
30165.4 30164.1 496 5 255 10 20
30272.2 30270.7 497 5 255 10 20
30339.8 30338.7 498 5 255 10 20
30399.5 30386.8 499 5 255 10 20
30421.4 30420.2 500 5 255 10 20
30435.9 30434.6 501 5 255 10 20
30439.7 30437.9 502 5 255 10 20
30465.1 30464 503 5 255 10 20
30488.9 30487.8 504 5 255 10 20
30544.1 30541.7 505 5 255 10 20
30555.9 30552.1 506 5 255 10 20
30558.6 30554 507 5 255 10 20
30614.6 30611.7 508 5 255 5 100
30770.7 30761.6 509 5 255 5 100
30833.7 30832.7 512 5 255 10 20
30928.9 30927.5 513 5 255 10 20
30937.4 30936.2 514 5 255 10 20
31010.2 31009.3 516 5 255 10 20
31016.7 31015.5 517 5 255 10 20
31106.4 31105.1 518 5 255 10 20
31126.6 31125.8 519 5 255 10 20
31204.7 31197.2 520 5 255 10 20
31209.5 31207.1 522 5 255 10 20
31273.1 31264.6 523 5 255 10 20
31305.3 31304.2 524 5 255 10 20
31538.3 31537.2 525 5 255 10 20
31602.6 31601.7 526 5 255 10 20
31715.1 31713.2 527 5 255 5 100
31766.4 31764.1 528 5 255 5 100
31824.2 31823.2 529 5 255 10 20
31854.3 31853.5 530 5 255 10 20
31932.5 31931.8 531 5 255 10 20
31966 31965.2 532 5 255 10 20
31993.6 31991.3 533 5 255 10 20
32016.2 32015.4 534 5 255 10 20
32090.4 32082.8 536 5 255 10 20
32118.3 32108.2 537 5 255 10 20
32162.1 32161 538 5 255 10 20
32185.5 32184.7 539 5 255 10 20
32213.2 32212.4 540 5 255 10 20
32274.4 32273.7 541 5 255 10 20
32371 32370.4 542 5 255 10 20
32394 32385.6 543 5 255 5 100
32472.6 32465.4 545 5 255 10 20
32546.2 32545.2 547 5 255 10 20
32564.4 32563.5 548 5 255 10 20
32653.1 32652.4 549 5 255 10 20
32720.6 32719.7 550 5 255 10 20
32741.8 32739.9 551 5 255 10 20
32753 32751.9 553 5 255 10 20
32848.3 32847.4 554 5 255 10 20
32872 32871.1 555 5 255 10 20
33102.3 33101.5 556 5 255 10 20
33117.5 33115.7 557 5 255 5 100
33373.3 33372.5 558 5 255 10 20
33438.6 33437.5 559 5 255 10 20
33513.9 33512.7 560 5 255 10 20
33573.5 33572.8 561 5 255 10 20
33648.4 33647.4 562 5 255 10 20
33766.6 33765.7 564 5 255 10 20
33820.4 33817.6 565 5 255 5 100
33869.7 33867.8 566 5 255 5 100
33967.9 33966.9 568 5 255 10 20
34078.5 34077.4 569 5 255 10 20
34252.3 34251.1 570 5 255 10 20
34440.8 34439.4 571 5 255 10 20
34457.8 34456.3 573 5 255 10 20
36269.7 36268.1 608 5 255 10 20
36971.1 36969.5 626 5 255 10 20
38210 38208.2 650 5 255 10 20
41745.1 41743.1 715 5 255 10 20
42195.2 42192.8 726 5 255 5 100
42268.4 42266.4 728 5 255 5 100
42277.6 42269.3 729 5 255 5 100
42344.2 42342.2 730 5 255 5 100
42450.1 42448.1 731 5 255 5 100
42628.4 42626.2 732 5 255 5 100
42724.8 42722.6 733 5 255 5 100
42858.6 42856.8 734 5 255 5 100
42895.3 42893.3 735 5 255 5 100
42917.5 42915.4 736 5 255 5 100
42943.7 42940.7 737 5 255 5 100
43030.4 43028.4 739 5 255 5 100
43068.1 43066 740 5 255 5 100
43072.2 43070.2 741 5 255 5 100
43130.6 43128.6 742 5 255 5 100
43173.4 43171.3 743 5 255 5 100
43188.4 43186.2 744 5 255 5 100
43263.6 43261.5 745 5 255 5 100
43278.5 43275 746 5 255 5 100
43302.8 43300.9 747 5 255 5 100
43330.5 43329.3 748 5 255 10 20
43413.2 43412.3 749 5 255 10 20
43639.1 43638.2 750 5 255 10 20
43762 43753.8 751 5 255 10 20
43925.6 43924.4 753 5 255 10 20
43944.5 43942.2 754 5 255 5 100
43973.9 43971.6 755 5 255 5 100
43982.3 43980.9 756 5 255 10 20
43995.6 43994.4 758 5 255 10 20
44019.5 44018 759 5 255 10 20
44090.5 44089.1 760 5 255 10 20
44133.9 44132.7 761 5 255 10 20
44158.4 44157 762 5 255 10 20
44230.4 44229.3 763 5 255 10 20
44258.3 44257.2 764 5 255 10 20
44288.2 44276.7 765 5 255 10 20
44357.6 44356.1 766 5 255 10 20
44474.1 44472.8 767 5 255 10 20
44496.6 44491.3 768 5 255 10 20
44521.6 44520.4 769 5 255 10 20
44773.8 44772.5 770 5 255 10 20
44793.3 44790.9 771 5 255 5 100
44805.5 44802.8 772 5 255 10 20
44813.4 44811.8 773 5 255 10 20
44906.6 44905 775 5 255 10 20
45047.9 45046.3 777 5 255 10 20
45070.8 45069.5 778 5 255 10 20
45097.9 45096.4 779 5 255 10 20
45144.3 45133.9 780 5 255 10 20
45229.6 45228.3 781 5 255 10 20
45288.1 45286.8 782 5 255 10 20
45344.7 45343.2 783 5 255 10 20
45350.8 45349.6 784 5 255 10 20
45539 45537.5 787 5 255 10 20
45593.6 45585.8 788 5 255 5 100
45621 45619.5 789 5 255 10 20
45844.8 45843.5 790 5 255 10 20
46075.7 46074.5 791 5 255 10 20
46076.8 46075.6 792 5 255 10 20
46197.1 46195.8 793 5 255 10 20
46219.5 46217.4 794 5 255 5 100
46224.7 46221.8 795 5 255 5 100
46391.6 46390.3 797 5 255 10 20
46540.3 46538.2 798 5 255 10 20
46588.7 46587.4 799 5 255 10 20
46604.6 46603.1 800 5 255 10 20
46619.3 46617.9 801 5 255 10 20
46629.1 46628.2 802 5 255 10 20
46688 46686.9 803 5 255 10 20
46700.5 46699.2 804 5 255 10 20
46832.8 46831.8 805 5 255 10 20
46878 46875.9 806 5 255 5 100
47074.7 47073.5 807 5 255 10 20
47135.1 47134.2 808 5 255 10 20
47154.4 47153.2 809 5 255 10 20
47262.5 47261.5 810 5 255 10 20
47279.2 47278.2 811 5 255 10 20
47281.3 47278.8 812 5 255 10 20
47422.3 47421.4 813 5 255 10 20
47465.3 47464.4 814 5 255 10 20
47469.4 47468.4 815 5 255 10 20
47480.6 47479.4 816 5 255 10 20
47523.9 47521.7 817 5 255 5 100
47606.5 47604.2 818 5 255 5 100
47610.5 47609.4 819 5 255 10 20
47621.8 47620.5 820 5 255 10 20
47669.6 47668 821 5 255 10 20
47730.2 47729 822 5 255 10 20
47855.1 47854.1 823 5 255 10 20
47856.9 47854.6 824 5 255 10 20
47901 47900 825 5 255 10 20
47929.6 47928.5 826 5 255 10 20
47969.8 47968.8 827 5 255 10 20
50899.8 50894.2 867 5 255 10 20
50930.3 50928.3 869 5 255 10 20
54228.6 54227.2 914 5 255 10 20
55217.5 55215.3 926 5 255 5 100
55378.1 55375.9 928 5 255 5 100
55466.3 55464.4 929 5 255 5 100
55504.2 55502.3 930 5 255 5 100
55651.4 55649.2 931 5 255 5 100
55699 55696.7 932 5 255 5 100
55775.6 55773.3 933 5 255 5 100
55853.1 55851.1 934 5 255 5 100
55923.7 55921.8 935 5 255 5 100
55934.9 55932.7 936 5 255 5 100
55952.5 55950.8 937 5 255 5 100
55960.7 55958.9 938 5 255 5 100
56015 56012.9 939 5 255 5 100
56068.1 56065.9 940 5 255 5 100
56130.6 56128.8 941 5 255 5 100
56201.7 56199.6 942 5 255 5 100
56268.2 56267.3 943 5 255 10 20
56301.8 56300.9 944 5 255 10 20
56314.8 56314 945 5 255 10 20
56456 56455.1 946 5 255 10 20
56470.5 56469.6 947 5 255 10 20
56496.4 56495.4 948 5 255 10 20
56523.8 56523 949 5 255 10 20
56550.5 56549.6 950 5 255 10 20
56655.5 56653.9 951 5 255 10 20
56660.4 56659.3 952 5 255 10 20
56762.6 56760.2 953 5 255 10 20
56767.8 56766.5 954 5 255 10 20
56776.4 56775.3 955 5 255 10 20
56874.5 56873.3 956 5 255 10 20
57050.5 57049.1 957 5 255 10 20
57184.6 57182.1 958 5 255 5 100
57275.6 57274.3 959 5 255 10 20
57433 57431.7 960 5 255 10 20
57492.6 57491.4 961 5 255 10 20
57496.7 57495.3 962 5 255 10 20
57652 57649.2 964 5 255 10 20
57664.4 57661.5 966 5 255 10 20
57805.5 57804.1 967 5 255 10 20
57889.7 57887.2 968 5 255 5 100
57933.1 57931.7 969 5 255 10 20
58092.2 58091.1 970 5 255 10 20
58135.2 58133.6 971 5 255 10 20
58366.3 58364.8 972 5 255 10 20
58494.7 58493 973 5 255 10 20
58510.5 58507.7 974 5 255 5 100
58605.4 58604 975 5 255 10 20
58751.4 58750.3 976 5 255 10 20
58757.3 58754 977 5 255 10 20
58798.8 58797.7 978 5 255 10 20
58819.3 58818.1 979 5 255 10 20
58874.2 58871.7 980 5 255 10 20
58875.9 58872.7 981 5 255 10 20
59045.2 59044.2 982 5 255 10 20
59094.1 59092.8 983 5 255 10 20
59120.2 59119.2 984 5 255 10 20
59202.3 59201.2 985 5 255 10 20
59230 59227.8 986 5 255 5 100
59261 59259.7 987 5 255 10 20
59448.1 59440.3 989 5 255 10 20
59467.2 59466.3 990 5 255 10 20
59469.3 59468.5 991 5 255 10 20
59483.9 59483 992 5 255 10 20
59503.7 59502.6 993 5 255 10 20
59518 59517 994 5 255 10 20
59601.7 59600 995 5 255 10 20
59610.3 59607.1 996 5 255 10 20
59664.5 59663.4 997 5 255 10 20
59721.6 59720 999 5 255 10 20
59805.4 59804.5 1000 5 255 10 20
59871.1 59869.8 1001 5 255 10 20
60118 60116.1 1004 5 255 5 100
60219.2 60218.1 1006 5 255 10 20
60229.4 60228.1 1007 5 255 10 20
60238 60236.9 1008 5 255 10 20
60246.5 60244.3 1009 5 255 10 20
60292.3 60291.1 1010 5 255 10 20
60302.7 60300.8 1011 5 255 10 20
60333.8 60332.7 1012 5 255 10 20
60336.4 60334.7 1013 5 255 10 20
60392.9 60391.7 1015 5 255 10 20
60411.4 60410.2 1016 5 255 10 20
60469.4 60468.5 1017 5 255 10 20
60547.3 60546 1018 5 255 10 20
60623.5 60622.1 1019 5 255 10 20
60663.4 60662.1 1020 5 255 10 20
60752.4 60751.4 1021 5 255 10 20
67482.7 67481.4 1126 5 255 10 20
67545.5 67544.1 1127 5 255 10 20
67590.5 67586.9 1128 5 255 10 20
67608 67606.7 1129 5 255 10 20
67624.1 67622.9 1130 5 255 10 20
67656.3 67655.1 1131 5 255 10 20
67662.1 67661.2 1132 5 255 10 20
67784.3 67783 1133 5 255 10 20
67914.9 67913.6 1134 5 255 10 20
68050 68048.9 1135 5 255 10 20
68119.2 68118.1 1136 5 255 10 20
68191.9 68190.6 1137 5 255 10 20
68323.3 68322.2 1138 5 255 10 20
68367.5 68366.4 1139 5 255 10 20
68484.4 68483.4 1140 5 255 10 20
68547.1 68546.1 1142 5 255 10 20
68585.5 68584.4 1143 5 255 10 20
68725.2 68724.2 1144 5 255 10 20
68892.2 68891.1 1145 5 255 10 20
69144.6 69139.3 1146 5 255 10 20
69340.5 69339.3 1147 5 255 10 20
69385.5 69384.4 1148 5 255 10 20
69395.3 69394 1151 5 255 10 20
69426.6 69425.2 1152 5 255 10 20
69491.6 69489.9 1153 5 255 10 20
69527.8 69526.6 1154 5 255 10 20
69601.1 69599.7 1155 5 255 10 20
69652.9 69651.5 1156 5 255 10 20
69699 69697.9 1157 5 255 10 20
69821.4 69820.3 1158 5 255 10 20
69842.7 69841 1159 5 255 10 20
70101.1 70099.9 1163 5 255 10 20
70115.5 70114.2 1164 5 255 10 20
70123.9 70120.7 1165 5 255 5 100
70129.8 70127.5 1166 5 255 10 20
70305.1 70303.8 1167 5 255 10 20
70634.4 70633.1 1169 5 255 10 20
70704.4 70702.9 1170 5 255 10 20
70737 70733.6 1171 5 255 10 20
70744.8 70742.6 1172 5 255 5 100
70857.7 70856.3 1173 5 255 10 20
70862.7 70861.7 1174 5 255 10 20
70913 70911.9 1175 5 255 10 20
71180.2 71179.2 1176 5 255 10 20
71346.8 71344.8 1177 5 255 10 20
71353.8 71352.6 1178 5 255 10 20
71480.4 71478.4 1179 5 255 5 100
71553.7 71552.5 1180 5 255 10 20
71737.5 71736.5 1181 5 255 10 20
71810.8 71809.9 1182 5 255 10 20
71923 71922.1 1183 5 255 10 20
71998.8 71997.6 1184 5 255 10 20
72011.8 72010.8 1185 5 255 10 20
72017.4 72016.5 1186 5 255 10 20
72062 72061.3 1187 5 255 10 20
72139.9 72138.8 1188 5 255 10 20
72154.8 72151.7 1189 5 255 5 100
72189.5 72188.1 1190 5 255 10 20
72234.6 72233.6 1191 5 255 10 20
72269.3 72268.6 1192 5 255 10 20
72292.1 72291.4 1193 5 255 10 20
72363.2 72362.5 1194 5 255 10 20
72374.7 72372.2 1195 5 255 10 20
72484.2 72483.3 1196 5 255 10 20
72494.5 72493.5 1197 5 255 10 20
72633.8 72633 1198 5 255 10 20
72641.5 72640.6 1199 5 255 10 20
72812.9 72811.9 1200 5 255 10 20
72912.4 72910.5 1201 5 255 5 100
73070.3 73069.5 1202 5 255 10 20
73085 73083.3 1203 5 255 10 20
73202.4 73201.5 1205 5 255 10 20
73250.8 73247.7 1206 5 255 10 20
73375.3 73374.5 1207 5 255 10 20
73447.6 73446.5 1208 5 255 10 20
73513.3 73512.1 1209 5 255 10 20
73565.2 73564 1210 5 255 10 20
73592.8 73591 1211 5 255 5 100
73798.4 73797 1212 5 255 10 20
73897 73887.8 1213 5 255 10 20
73954.7 73953.5 1214 5 255 10 20
73957.2 73956 1215 5 255 10 20
74160.6 74159.5 1216 5 255 10 20
74243.9 74242.7 1217 5 255 10 20
74355.5 74353.5 1219 5 255 5 100
74381.9 74380.9 1220 5 255 10 20
74415.6 74414.5 1221 5 255 10 20
74433.5 74432.5 1222 5 255 10 20
74524.2 74523.3 1223 5 255 10 20
74544.6 74543.3 1224 5 255 10 20
74562.4 74561.3 1225 5 255 10 20
74623.1 74621.8 1226 5 255 10 20
74637.4 74636.2 1227 5 255 10 20
74674.4 74673.1 1228 5 255 10 20
74883.5 74882.5 1229 5 255 10 20
74921.6 74920.7 1230 5 255 10 20
74942.4 74941.2 1231 5 255 10 20
74992.4 74991.4 1232 5 255 10 20
74997.4 74995.6 1233 5 255 5 100
75083.6 75082.7 1234 5 255 10 20
75140.4 75139.4 1235 5 255 10 20
75150.4 75149.2 1236 5 255 10 20
75161.7 75160.2 1237 5 255 10 20
75234 75232.9 1238 5 255 10 20
75256.2 75255.2 1239 5 255 10 20
75352.2 75350.6 1241 5 255 10 20
75373.6 75372.2 1242 5 255 10 20
76215 76212.9 1256 5 255 10 20
76228.8 76226.3 1257 5 255 5 100
77203.8 77201.8 1271 5 255 10 20
80988.4 80984.4 1319 5 255 5 100
81777.9 81775.3 1335 5 255 5 100
82430.8 82428.4 1349 5 255 5 100
82585.7 82583 1355 5 255 5 100
82799.2 82796.5 1357 5 255 5 100
82820.1 82817.8 1358 5 255 5 100
82847.3 82844.6 1359 5 255 5 100
82877.5 82875.1 1360 5 255 5 100
82895.4 82894.1 1361 5 255 10 20
83186.8 83185.1 1362 5 255 10 20
83202.1 83199.7 1363 5 255 10 20
83211.8 83210.3 1364 5 255 10 20
83215 83213.1 1365 5 255 10 20
83258.1 83257 1366 5 255 10 20
83435.9 83434.5 1367 5 255 10 20
83622.2 83621.1 1368 5 255 10 20
83754.8 83753.8 1370 5 255 10 20
83920.9 83918.3 1371 5 255 5 100
83930.4 83928.4 1373 5 255 5 100
83950.3 83949 1374 5 255 10 20
83976.3 83975.1 1375 5 255 10 20
84009.5 84008.2 1376 5 255 10 20
84013.5 84012.2 1377 5 255 10 20
84016.2 84014.8 1378 5 255 10 20
84023.6 84022.3 1379 5 255 10 20
84118 84116.7 1380 5 255 10 20
84140.8 84139.5 1381 5 255 10 20
84280.3 84268.9 1382 5 255 10 20
84341.1 84340 1383 5 255 10 20
84375.8 84374.6 1384 5 255 10 20
84418.7 84417.5 1385 5 255 10 20
84544.5 84543.6 1386 5 255 10 20
84549.4 84547.6 1387 5 255 5 100
84627.7 84626.8 1388 5 255 10 20
84737.1 84735.4 1389 5 255 10 20
84924.9 84923.4 1390 5 255 10 20
84997.2 84996.3 1391 5 255 10 20
85119.9 85119 1392 5 255 10 20
85131.8 85130.9 1393 5 255 10 20
85152.7 85151.8 1394 5 255 10 20
85186 85185.1 1395 5 255 10 20
85228.5 85225.2 1396 5 255 5 100
85252.3 85251.1 1397 5 255 10 20
85270.1 85269.1 1398 5 255 10 20
85333.7 85332.8 1399 5 255 10 20
85381.5 85380.5 1400 5 255 10 20
85467.1 85466.1 1401 5 255 10 20
85657.3 85656.5 1402 5 255 10 20
85686.4 85685.7 1403 5 255 10 20
85708.8 85707.8 1404 5 255 10 20
85773.3 85772.4 1405 5 255 10 20
85828.4 85827.5 1406 5 255 10 20
85852.4 85851.5 1407 5 255 10 20
85892.3 85889.7 1408 5 255 5 100
85969.1 85968.3 1409 5 255 10 20
85984.6 85983.9 1410 5 255 10 20
86121.3 86120.2 1411 5 255 10 20
86135.2 86133.1 1413 5 255 10 20
86152.5 86151.1 1414 5 255 10 20
86200.9 86199.3 1415 5 255 10 20
86353.6 86352.6 1417 5 255 10 20
86423.5 86422.5 1418 5 255 10 20
86456.1 86454.9 1419 5 255 10 20
86537.9 86536.6 1420 5 255 10 20
86558.8 86558 1421 5 255 10 20
86688.3 86686.1 1423 5 255 5 100
86738.8 86737.6 1424 5 255 10 20
86766.1 86765 1425 5 255 10 20
86833.3 86832 1426 5 255 10 20
86838.6 86837.7 1427 5 255 10 20
87195.1 87193.9 1428 5 255 10 20
87245 87243.9 1429 5 255 10 20
87334.1 87333.3 1430 5 255 10 20
87478.8 87477 1431 5 255 5 100
87534.3 87533 1432 5 255 10 20
87892 87890.7 1434 5 255 10 20
87904.2 87903 1435 5 255 10 20
87974.1 87967 1436 5 255 10 20
87976.4 87968 1437 5 255 10 20
87977.7 87976 1438 5 255 10 20
88077.5 88076.1 1439 5 255 10 20
88241.2 88240 1440 5 255 10 20
88554.8 88552.6 1446 5 255 5 100
89263.7 89261.3 1461 5 255 10 20
89326.1 89324.7 1463 5 255 10 20
89689.6 89684.9 1469 5 255 5 100
90524.3 90522.7 1490 5 255 10 20
91603.9 91601.9 1509 5 255 10 20
95763.2 95757 1576 5 255 10 20
96278.9 96277.6 1588 5 255 10 20
96291.6 96289.1 1590 5 255 10 20
96342.9 96341.9 1591 5 255 10 20
96346.8 96345.6 1592 5 255 10 20
96384.2 96383.1 1593 5 255 10 20
96755.5 96754.2 1594 5 255 10 20
96784.2 96780.9 1595 5 255 10 20
96841.2 96840.2 1596 5 255 10 20
96950.9 96949.9 1597 5 255 10 20
97020.8 97019.9 1598 5 255 10 20
97032.8 97030.5 1599 5 255 5 100
97056.5 97055.5 1601 5 255 10 20
97110.2 97109.1 1602 5 255 10 20
97174.4 97172.5 1603 5 255 10 20
97304.5 97303.4 1604 5 255 10 20
97347.1 97346 1605 5 255 10 20
97368.1 97367 1606 5 255 10 20
97442.5 97440.7 1607 5 255 10 20
97449.5 97444.7 1608 5 255 10 20
97521.3 97519.7 1609 5 255 10 20
97556.7 97555.5 1610 5 255 10 20
97604.8 97603.9 1611 5 255 10 20
97648.2 97646.7 1612 5 255 10 20
97662.6 97661.7 1613 5 255 10 20
97730.2 97728.4 1614 5 255 5 100
97736 97734.1 1615 5 255 5 100
97752.6 97751.8 1616 5 255 10 20
97782.6 97781.7 1617 5 255 10 20
97789.2 97788.4 1618 5 255 10 20
97797.5 97796.8 1619 5 255 10 20
98059 98058.3 1620 5 255 10 20
98077 98075.3 1621 5 255 10 20
98191.9 98190.9 1622 5 255 10 20
98342.5 98341.4 1623 5 255 10 20
98369.2 98367.3 1624 5 255 5 100
98395.3 98394.5 1625 5 255 10 20
98422.7 98421.4 1626 5 255 10 20
98430.9 98429.9 1627 5 255 10 20
98442 98441.1 1628 5 255 10 20
98501.1 98500.1 1630 5 255 10 20
98813.1 98812 1631 5 255 10 20
98878.6 98877.5 1632 5 255 10 20
98881.5 98880.1 1633 5 255 10 20
98899.9 98899.1 1634 5 255 10 20
98914 98913.2 1635 5 255 10 20
98955.5 98954.6 1636 5 255 10 20
99092.6 99091.7 1637 5 255 10 20
99170.4 99168.5 1639 5 255 5 100
99271.6 99269.6 1641 5 255 5 100
99345.6 99343.6 1642 5 255 5 100
99384.6 99383.6 1643 5 255 10 20
99469.8 99468.5 1644 5 255 10 20
99514.9 99513.7 1645 5 255 10 20
99694.2 99693 1646 5 255 10 20
99821.5 99819.5 1647 5 255 10 20
99909 99908 1648 5 255 10 20
