710.456 708.189 13 5 255 5 100
856.257 855.15 15 5 255 10 20
937.575 936.293 17 5 255 10 20
2727.78 2725.85 42 5 255 5 100
2786.84 2784.23 43 5 255 5 100
2792.18 2789.23 44 5 255 5 100
2879.42 2877.44 45 5 255 5 100
2892.32 2891.24 46 5 255 10 20
2902.6 2901.19 47 5 255 10 20
3606.09 3602.84 61 5 255 10 20
3877.12 3875.34 68 5 255 10 20
8189.92 8188.95 147 5 255 10 20
8250.23 8249.13 148 5 255 10 20
8457.63 8456.39 150 5 255 10 20
8526.46 8525.61 151 5 255 10 20
8546.79 8545.62 152 5 255 10 20
8762.32 8761.36 154 5 255 10 20
8879.62 8878.3 155 5 255 10 20
8902.21 8901.07 157 5 255 10 20
9099.13 9098.21 158 5 255 10 20
9110.11 9109.03 159 5 255 10 20
9288.9 9287.84 161 5 255 10 20
9826.37 9824.91 167 5 255 10 20
11280.3 11279 196 5 255 10 20
11622.4 11620.9 204 5 255 10 20
11625.3 11621.1 205 5 255 10 20
13992.3 13990.4 236 5 255 10 20
14296.1 14294.5 246 5 255 10 20
14848.1 14845.4 259 5 255 10 20
17420.3 17418.1 297 5 255 5 100
18369.6 18367.5 313 5 255 10 20
18475.3 18473.4 314 5 255 10 20
18534.4 18531.5 315 5 255 10 20
18540.4 18536.2 316 5 255 10 20
19003.9 19000.8 324 5 255 10 20
19018 19016.1 325 5 255 10 20
19085.2 19083.6 327 5 255 10 20
19206.6 19204.9 329 5 255 10 20
21113.1 21109.6 350 5 255 5 100
21752.8 21750.3 360 5 255 10 20
22339.7 22338.4 371 5 255 10 20
22510.3 22509.1 375 5 255 10 20
22540.1 22539 376 5 255 10 20
22542.7 22541 377 5 255 10 20
22611.2 22609.9 378 5 255 10 20
22624.2 22623 379 5 255 10 20
23896.1 23894.9 399 5 255 10 20
24154.9 24153.5 406 5 255 10 20
24487.2 24483.4 413 5 255 10 20
24898.4 24896.1 417 5 255 10 20
25671.7 25670.2 435 5 255 10 20
27297.6 27296.1 465 5 255 10 20
27908.1 27906.8 476 5 255 10 20
29993.1 29990.6 506 5 255 5 100
30854.1 30851.8 522 5 255 10 20
31926.8 31925.1 537 5 255 10 20
33100.7 33099.3 552 5 255 10 20
33268.6 33266.2 556 5 255 10 20
33778 33776.6 564 5 255 10 20
33788.4 33786.4 565 5 255 10 20
33867.3 33866.1 566 5 255 10 20
33953.3 33952 567 5 255 10 20
34242.1 34240.9 569 5 255 10 20
34281.2 34273.1 570 5 255 10 20
34447.4 34446 571 5 255 10 20
34460.7 34459.3 572 5 255 10 20
34529.9 34528.9 573 5 255 10 20
34547 34535.5 574 5 255 10 20
34829.4 34828.4 575 5 255 10 20
34842.6 34841.7 576 5 255 10 20
35058.8 35058 577 5 255 10 20
35316.9 35316.1 578 5 255 10 20
35358.2 35357.4 579 5 255 10 20
35369.6 35368.1 580 5 255 10 20
35427 35426.2 581 5 255 10 20
35443.8 35442.8 582 5 255 10 20
35446.7 35443.5 583 5 255 10 20
35499.7 35497.9 585 5 255 5 100
35580.1 35578.1 586 5 255 5 100
35671 35668.9 587 5 255 5 100
35879.6 35877.9 589 5 255 5 100
35898.1 35896 591 5 255 5 100
35951.3 35949.6 592 5 255 5 100
37044 37039.7 610 5 255 5 100
37315.7 37314.4 617 5 255 10 20
37436.9 37434.3 621 5 255 10 20
38316.2 38314.9 628 5 255 10 20
39810.7 39807.9 649 5 255 10 20
39941.3 39938.4 652 5 255 10 20
41082.4 41076.5 672 5 255 5 100
42165.9 42164.7 696 5 255 10 20
42902.7 42900.2 707 5 255 5 100
43903.1 43900.6 726 5 255 10 20
44727.3 44712.6 734 5 255 10 20
45251.7 45249.2 744 5 255 10 20
47229.2 47227.1 773 5 255 10 20
47273.9 47264.9 774 5 255 10 20
47643.4 47641.9 779 5 255 10 20
49884.9 49883.4 804 5 255 10 20
50844 50841.1 820 5 255 5 100
50858.9 50856.5 821 5 255 5 100
51869.4 51867.7 843 5 255 10 20
52093.6 52092.3 848 5 255 10 20
52716.7 52715 859 5 255 10 20
53548.2 53546.3 870 5 255 10 20
53620.6 53618.9 873 5 255 10 20
53734.1 53732.9 877 5 255 10 20
54230.2 54228.9 890 5 255 10 20
55778.3 55773.6 916 5 255 10 20
56030.7 56027.4 921 5 255 10 20
57134.5 57132.3 934 5 255 10 20
57400.7 57398.8 940 5 255 10 20
60070.6 60067.9 983 5 255 5 100
60552.6 60551.3 994 5 255 10 20
61158.7 61157.3 1001 5 255 10 20
61211.7 61210.6 1002 5 255 10 20
61259.2 61257.9 1003 5 255 10 20
61340.8 61339.8 1004 5 255 10 20
61345 61343.9 1005 5 255 10 20
61466.7 61465.5 1006 5 255 10 20
61470 61468 1007 5 255 10 20
61738.2 61735.9 1009 5 255 5 100
61779.8 61777.6 1010 5 255 5 100
61827.7 61825.8 1011 5 255 5 100
61843.7 61841 1012 5 255 5 100
61847.8 61845.8 1013 5 255 5 100
61953.3 61951.2 1014 5 255 5 100
61987.1 61984.8 1015 5 255 5 100
62030.8 62028.8 1016 5 255 5 100
62084.1 62082.2 1017 5 255 5 100
62148.1 62146.1 1018 5 255 5 100
62226.7 62224.7 1019 5 255 5 100
62356.7 62354.4 1020 5 255 5 100
62496.4 62494.2 1022 5 255 5 100
62541.3 62539 1023 5 255 5 100
62829.4 62827.2 1025 5 255 5 100
62854.8 62852.5 1026 5 255 5 100
62902.9 62900.7 1027 5 255 5 100
63115.3 63113.3 1028 5 255 5 100
63969.5 63968.2 1050 5 255 10 20
63976.6 63974.8 1053 5 255 10 20
66985.9 66984 1095 5 255 10 20
67392.8 67389.9 1103 5 255 5 100
69822.7 69821.1 1147 5 255 10 20
70147.2 70144.8 1154 5 255 10 20
72831.1 72829.7 1194 5 255 10 20
73310.2 73308.2 1198 5 255 5 100
73428.5 73426.2 1199 5 255 5 100
73446.8 73444.7 1200 5 255 5 100
73548.6 73546.6 1201 5 255 5 100
73728.6 73726.5 1202 5 255 5 100
73779.7 73777.6 1203 5 255 5 100
73842.2 73840 1204 5 255 5 100
73871.1 73869 1205 5 255 5 100
74042.1 74040 1206 5 255 5 100
74068.3 74066.2 1207 5 255 5 100
74103.3 74101 1208 5 255 5 100
74256.6 74254.5 1212 5 255 5 100
74368.8 74366.8 1214 5 255 5 100
74452.5 74450.2 1215 5 255 5 100
74539.3 74537.1 1216 5 255 5 100
74565.8 74563.6 1217 5 255 5 100
74594.8 74592.7 1218 5 255 5 100
74625.3 74623 1219 5 255 5 100
74709.4 74707.4 1220 5 255 5 100
74741 74739 1222 5 255 5 100
74774.5 74772.6 1223 5 255 5 100
74788.2 74786.3 1224 5 255 5 100
74829.8 74827.7 1225 5 255 5 100
74862.2 74860.3 1226 5 255 5 100
74897 74895.2 1227 5 255 5 100
74985.7 74983.9 1229 5 255 5 100
75143.6 75141.6 1230 5 255 5 100
75201.7 75198.6 1231 5 255 5 100
75219.8 75217.6 1232 5 255 5 100
75784.4 75783.1 1236 5 255 10 20
76925.9 76924.1 1256 5 255 10 20
78452 78448.9 1287 5 255 10 20
78570.5 78568.1 1291 5 255 10 20
78725.1 78721.9 1294 5 255 5 100
78796 78791.7 1296 5 255 5 100
79421.5 79419.8 1310 5 255 10 20
82305.7 82302.9 1361 5 255 5 100
83332.8 83331 1382 5 255 10 20
84379.3 84376.5 1402 5 255 5 100
84656 84654.6 1411 5 255 10 20
85103.9 85102.2 1415 5 255 10 20
85988 85985.6 1428 5 255 10 20
86260.5 86258.2 1431 5 255 5 100
86265.8 86262.8 1432 5 255 5 100
86314.2 86311.6 1433 5 255 5 100
86910.6 86909.2 1438 5 255 10 20
87103.9 87102.5 1439 5 255 10 20
87251.9 87250.7 1440 5 255 10 20
87441.8 87440.8 1441 5 255 10 20
87516.7 87515.6 1442 5 255 10 20
87524 87522.8 1443 5 255 10 20
87609.7 87608.8 1444 5 255 10 20
87882.6 87881.3 1445 5 255 10 20
87885.6 87882.2 1446 5 255 10 20
87895.5 87894.5 1447 5 255 10 20
87980 87979 1448 5 255 10 20
88086.2 88084.7 1449 5 255 10 20
88121.1 88120.4 1450 5 255 10 20
88184.6 88183.8 1451 5 255 10 20
88214.4 88213.4 1452 5 255 10 20
88234.6 88233.6 1453 5 255 10 20
88261.2 88259.9 1454 5 255 10 20
88276.2 88275.5 1455 5 255 10 20
88313.5 88311.2 1456 5 255 10 20
88404.9 88403.8 1457 5 255 10 20
88533.2 88532.2 1458 5 255 10 20
88548.3 88547.4 1459 5 255 10 20
88583.9 88583.1 1461 5 255 10 20
88602.8 88600.8 1462 5 255 5 100
88606.6 88601.5 1463 5 255 5 100
88647.4 88645.4 1464 5 255 5 100
88668.6 88666.9 1465 5 255 5 100
88698.3 88696.4 1466 5 255 5 100
89237.9 89235.4 1477 5 255 5 100
91111.3 91109.3 1501 5 255 10 20
96437 96434.9 1598 5 255 10 20
97013 97011.4 1610 5 255 10 20
97981.3 97980.1 1627 5 255 10 20
98022.4 98021.1 1628 5 255 10 20
98164.8 98163.8 1630 5 255 10 20
98423.2 98421.8 1631 5 255 10 20
98513.7 98512.5 1632 5 255 10 20
98658.3 98655.9 1634 5 255 5 100
98817.4 98814.1 1635 5 255 5 100
98838.7 98836.2 1637 5 255 5 100
98868.4 98867.3 1638 5 255 10 20
98887.2 98885.8 1639 5 255 10 20
98920.6 98919.2 1640 5 255 10 20
98926.5 98924.6 1641 5 255 10 20
98938.6 98927.4 1642 5 255 10 20
98977.7 98976.6 1643 5 255 10 20
98998.1 98996.7 1644 5 255 10 20
99024.1 99022.8 1645 5 255 10 20
99035.4 99034.2 1646 5 255 10 20
99240.7 99239.5 1647 5 255 10 20
99299.8 99298 1648 5 255 10 20
99614.8 99613.4 1649 5 255 10 20
99694.4 99693.3 1651 5 255 10 20
99701.9 99700.7 1652 5 255 10 20
99760.9 99759.8 1653 5 255 10 20
99783.3 99782.1 1654 5 255 10 20
99803.6 99801.2 1655 5 255 10 20
99857.1 99855.9 1656 5 255 10 20
99920.7 99919.4 1657 5 255 10 20
99948.8 99947.7 1658 5 255 10 20
99995.2 99993.9 1659 5 255 10 20
