226.496 225.182 2 6 255 10 20
241.254 239.355 4 6 255 10 20
310.221 308.978 5 6 255 8 32
316.85 315.101 6 6 255 10 20
321.282 319.478 7 6 255 10 20
400.355 398.318 9 6 255 10 20
450.572 449.221 10 6 255 8 32
526.931 526.1 11 6 255 10 20
547.921 546.732 12 6 255 8 32
578.725 577.501 13 6 255 10 20
588.042 586.833 14 6 255 10 20
644.83 643.713 15 6 255 10 20
663.067 662.005 16 6 255 8 32
728.326 727.2 17 6 255 10 20
823.766 822.782 18 6 255 10 20
876.227 874.312 19 6 255 5 100
918.624 917.48 20 6 255 10 20
969.196 968.22 21 6 255 10 20
1013.96 1012.31 22 6 255 10 20
1096.83 1095.22 23 6 255 10 20
1100.09 1099.02 24 6 255 10 20
1132.92 1131.71 25 6 255 10 20
1158.44 1157.17 26 6 255 10 20
1205.6 1204.52 27 6 255 10 20
1311.05 1309.79 28 6 255 10 20
1313.07 1312.08 29 6 255 10 20
1420.48 1419.45 30 6 255 10 20
1456.24 1455.36 31 6 255 10 20
1459.42 1458.28 32 6 255 10 20
1588.67 1587.58 33 6 255 10 20
1594.3 1591.62 34 6 255 5 100
1849.33 1847.79 36 6 255 10 20
2011.76 2010.86 39 6 255 10 20
2047.98 2046.73 40 6 255 10 20
2057.51 2055.63 41 6 255 10 20
2062.9 2061.11 42 6 255 10 20
2072.02 2070.55 43 6 255 10 20
2149.39 2148.02 44 6 255 10 20
2184.1 2183.22 45 6 255 10 20
2210.85 2209.54 46 6 255 10 20
2249.08 2247.04 48 6 255 5 100
2298.19 2296.98 49 6 255 10 20
2461.81 2460.88 50 6 255 10 20
2473.73 2472.67 51 6 255 10 20
2551.83 2550.6 52 6 255 10 20
2557.81 2556.4 53 6 255 10 20
2622.2 2621.29 54 6 255 10 20
2672.39 2671.24 55 6 255 10 20
2694.24 2693.35 56 6 255 10 20
2699.3 2698.01 57 6 255 10 20
2763.78 2762.67 58 6 255 10 20
2779.93 2779.03 59 6 255 10 20
2805.96 2804.76 60 6 255 10 20
2810.04 2808.8 61 6 255 10 20
3052.42 3047.44 62 6 255 10 20
3186.67 3184.56 64 6 255 5 100
3242.42 3241.39 66 6 255 10 20
3627.16 3625.99 67 6 255 10 20
3723.82 3722.72 68 6 255 10 20
3740.51 3739.63 69 6 255 10 20
3814.67 3813.69 70 6 255 10 20
3853.44 3851.36 71 6 255 5 100
3886.07 3884.95 72 6 255 10 20
3924.67 3923.56 73 6 255 10 20
4014.06 4013.24 74 6 255 10 20
4030.75 4030 75 6 255 10 20
4123.66 4122.56 76 6 255 10 20
4170.48 4169.03 77 6 255 10 20
4328.94 4328.27 78 6 255 10 20
4349.58 4348.81 79 6 255 10 20
4409.36 4408.54 80 6 255 10 20
4451.06 4450.17 81 6 255 10 20
4509.03 4508.41 82 6 255 10 20
4646.95 4645.32 83 6 255 5 100
4704.84 4704.04 85 6 255 10 20
4725.72 4724.52 86 6 255 8 32
4756.08 4755.23 87 6 255 10 20
4772.68 4772.03 88 6 255 10 20
4835.04 4834.41 89 6 255 10 20
4837.53 4835.23 90 6 255 10 20
5105.32 5104.36 91 6 255 8 32
5198.01 5196.97 92 6 255 10 20
5225.32 5224.47 93 6 255 8 32
5332.9 5331.9 95 6 255 10 20
5399.84 5399.09 96 6 255 10 20
5419.78 5418.04 98 6 255 5 100
5476.22 5474.05 99 6 255 5 100
5529.94 5528.72 100 6 255 10 20
5580.8 5579.54 101 6 255 10 20
5706.94 5705.69 102 6 255 10 20
5923.06 5921.59 104 6 255 10 20
6039.03 6037.93 105 6 255 10 20
6061.15 6060.07 106 6 255 10 20
6114.84 6113.44 108 6 255 10 20
6120.7 6118.4 109 6 255 5 100
6196.88 6195.5 110 6 255 10 20
6240.77 6239.54 111 6 255 10 20
6247.91 6246.72 112 6 255 10 20
6263.68 6262.39 113 6 255 10 20
8926.72 8923.6 148 6 255 5 100
14285.3 14283.7 226 6 255 10 20
14324.9 14314.7 227 6 255 10 20
14462.6 14461.3 228 6 255 10 20
14510.5 14501.6 229 6 255 10 20
14541.7 14540.7 230 6 255 10 20
14878.7 14877.8 231 6 255 10 20
14954.9 14953.7 232 6 255 10 20
14959.4 14958.3 233 6 255 10 20
15126.5 15125.6 235 6 255 10 20
15153.4 15152.1 236 6 255 10 20
15190 15189 237 6 255 10 20
15231 15230.2 238 6 255 10 20
15305.7 15304.9 239 6 255 10 20
15378.2 15377.3 240 6 255 10 20
15424.2 15423.4 241 6 255 10 20
15438.6 15437.7 242 6 255 10 20
15507.3 15506.6 243 6 255 10 20
15566.7 15566.1 244 6 255 10 20
15582.9 15582.3 245 6 255 10 20
15588 15586 246 6 255 5 100
15671.8 15670.7 247 6 255 10 20
15722.2 15721.2 248 6 255 10 20
15725.3 15723.9 249 6 255 10 20
15834.5 15832.8 251 6 255 10 20
15837.6 15837 252 6 255 10 20
15851.5 15850.6 253 6 255 10 20
15859.2 15855.5 254 6 255 10 20
15878.5 15877.7 255 6 255 10 20
15884.5 15883.6 256 6 255 10 20
15960.3 15959.3 259 6 255 10 20
16037.2 16036.3 260 6 255 10 20
16115.1 16114 262 6 255 10 20
16135.6 16134.6 263 6 255 10 20
16137.2 16135.6 264 6 255 10 20
16164.7 16163.6 265 6 255 10 20
16177.3 16176.1 266 6 255 10 20
16234 16233.1 267 6 255 10 20
16238.2 16236.1 268 6 255 5 100
16283.4 16282.6 269 6 255 10 20
16302.3 16301.1 270 6 255 10 20
16442.1 16441.2 271 6 255 10 20
16457.6 16456.8 272 6 255 10 20
16502 16500.8 273 6 255 10 20
16519.9 16518.9 274 6 255 10 20
16533.7 16529.9 275 6 255 10 20
16552.9 16551.9 276 6 255 10 20
16600.1 16599.1 277 6 255 10 20
16619.1 16617.8 278 6 255 10 20
16670.1 16669 279 6 255 10 20
16685 16683.7 280 6 255 10 20
16714.5 16713.4 281 6 255 10 20
16826.1 16824.7 282 6 255 10 20
16849 16847.7 283 6 255 10 20
16925.4 16923.1 284 6 255 5 100
16932.1 16931 285 6 255 10 20
16942.4 16941.2 286 6 255 10 20
16995.5 16994.3 287 6 255 10 20
17092.8 17091.6 288 6 255 10 20
17245.2 17244.2 289 6 255 10 20
17258.8 17257.6 290 6 255 10 20
17266.5 17265.2 291 6 255 10 20
17268.6 17266.3 292 6 255 10 20
17304.1 17303 293 6 255 10 20
17364 17362.9 294 6 255 10 20
17377.5 17374 295 6 255 10 20
17534.9 17533.5 296 6 255 10 20
17582 17579.7 297 6 255 5 100
17609.4 17607.1 298 6 255 5 100
17908.3 17907 301 6 255 10 20
17990.1 17989.2 302 6 255 10 20
18223.6 18222.6 303 6 255 10 20
18339.4 18338.6 304 6 255 10 20
18342.5 18341.4 305 6 255 10 20
18366.8 18365.6 306 6 255 10 20
18399.5 18397.5 307 6 255 5 100
18410.8 18408.3 308 6 255 5 100
18541.3 18538.4 309 6 255 10 20
18569.5 18568.3 310 6 255 10 20
18626.5 18625.7 311 6 255 10 20
18689 18688 312 6 255 10 20
18753 18752 313 6 255 10 20
19042.3 19041.3 314 6 255 10 20
19132.8 19131.1 315 6 255 5 100
19160.8 19160.1 316 6 255 10 20
19170.5 19169.4 317 6 255 10 20
19205.7 19204.8 318 6 255 10 20
19241.8 19240.7 319 6 255 10 20
19340.6 19339.5 320 6 255 10 20
19471.4 19470.2 321 6 255 10 20
19495.9 19493.2 322 6 255 10 20
19577 19575.6 323 6 255 10 20
19672.7 19671.8 324 6 255 10 20
20557.9 20556.3 337 6 255 10 20
27223.4 27221.5 450 6 255 10 20
27606.3 27604.4 451 6 255 10 20
27610.5 27609.6 452 6 255 10 20
27615.8 27614.6 453 6 255 10 20
27657.5 27656.5 454 6 255 10 20
27697.1 27696.2 455 6 255 10 20
27726.5 27725.4 456 6 255 10 20
27891.8 27891 457 6 255 10 20
27949.1 27948.2 458 6 255 10 20
27960.6 27958 459 6 255 10 20
28034.6 28033.9 460 6 255 10 20
28073.7 28072.6 461 6 255 10 20
28164.1 28163.2 462 6 255 10 20
28186.7 28185.9 463 6 255 10 20
28388.4 28387.4 464 6 255 10 20
28391.2 28390.4 465 6 255 10 20
28448.1 28446.7 466 6 255 10 20
28451.1 28449.7 467 6 255 10 20
28482.4 28481.4 468 6 255 10 20
28527.6 28527 469 6 255 10 20
28533.2 28532.2 470 6 255 10 20
28837.7 28837 471 6 255 10 20
28883.6 28882.8 472 6 255 10 20
28929.7 28928.7 473 6 255 10 20
29164.1 29162.1 474 6 255 5 100
29331.3 29330.5 475 6 255 10 20
29425.8 29424.4 476 6 255 10 20
29458.4 29457.7 477 6 255 10 20
29462.8 29461.7 478 6 255 10 20
29464.3 29463.3 479 6 255 10 20
29496.5 29495.4 482 6 255 10 20
29552.1 29551 483 6 255 10 20
29665.8 29664.5 484 6 255 10 20
29679.4 29677.6 485 6 255 10 20
29716.7 29715.7 486 6 255 10 20
29729.3 29728.4 487 6 255 10 20
29734.4 29733.2 488 6 255 10 20
29791.1 29790.1 489 6 255 10 20
29845.7 29843.8 490 6 255 5 100
29874.6 29873.7 491 6 255 10 20
29921.5 29919.1 492 6 255 10 20
29931.2 29930.1 493 6 255 10 20
30055.4 30054.3 494 6 255 10 20
30091 30088.8 495 6 255 10 20
30196.1 30195.1 496 6 255 10 20
30286.2 30285 498 6 255 10 20
30334.9 30333.4 499 6 255 10 20
30344.3 30342.9 500 6 255 10 20
30488.5 30487.1 502 6 255 10 20
30530 30527.7 503 6 255 5 100
30639 30637.7 504 6 255 10 20
30664.4 30663 505 6 255 10 20
30964.5 30963.2 506 6 255 10 20
30989.9 30988.8 507 6 255 10 20
31055.6 31054.4 508 6 255 10 20
31115.4 31114.1 509 6 255 10 20
31174.5 31173.4 510 6 255 10 20
31366.4 31364.3 511 6 255 5 100
31414.9 31411.9 512 6 255 10 20
31462.5 31461.7 513 6 255 10 20
31674.5 31673.7 514 6 255 10 20
31725.4 31724.4 515 6 255 10 20
31744 31743.3 516 6 255 10 20
31799.3 31798.2 517 6 255 10 20
31811.4 31810.3 518 6 255 10 20
31818.7 31815 519 6 255 10 20
31871.8 31870.6 520 6 255 10 20
31903.3 31902.3 522 6 255 10 20
32007.1 32006 523 6 255 10 20
32042.3 32041.5 524 6 255 10 20
32137.7 32135.6 525 6 255 5 100
32273.7 32272.6 526 6 255 10 20
32276.5 32275.5 527 6 255 10 20
32368.5 32367.7 528 6 255 10 20
32411.6 32410.4 529 6 255 10 20
32507.8 32506.6 530 6 255 10 20
32601.6 32600.6 531 6 255 10 20
32675.6 32674.6 532 6 255 10 20
32679 32678.2 533 6 255 10 20
32750.2 32749 534 6 255 10 20
32889.7 32888.6 535 6 255 10 20
33007.5 33005.5 537 6 255 5 100
33011.9 33009.2 538 6 255 5 100
33016.3 33011.1 539 6 255 10 20
33123.3 33120.8 540 6 255 10 20
33227.9 33226.8 542 6 255 10 20
35912.4 35908.9 586 6 255 5 100
38594 38591.9 639 6 255 10 20
39931.1 39929.8 651 6 255 10 20
39934.7 39933.7 652 6 255 10 20
40052.4 40047.4 653 6 255 10 20
40181 40180.1 654 6 255 10 20
40247 40244.9 656 6 255 5 100
40251.7 40248.6 657 6 255 5 100
40317.3 40315.2 658 6 255 5 100
40439.9 40436.9 659 6 255 5 100
40489.9 40487.4 660 6 255 5 100
40504 40502.2 661 6 255 5 100
40706.7 40704.9 662 6 255 5 100
40775.3 40773.4 663 6 255 5 100
40899.4 40897.2 664 6 255 5 100
41069 41067.2 666 6 255 5 100
41128.6 41126.9 667 6 255 5 100
41213.5 41211.9 668 6 255 5 100
41216.1 41214.2 669 6 255 5 100
41303.1 41301.5 670 6 255 5 100
41353.5 41351.8 671 6 255 5 100
41402 41399.9 672 6 255 5 100
41427.6 41425.6 673 6 255 5 100
41590.9 41589.9 675 6 255 10 20
41609.9 41609.3 676 6 255 10 20
41711.6 41710.3 677 6 255 10 20
41757.5 41756.6 678 6 255 10 20
41866.6 41865.9 679 6 255 10 20
41911.5 41910.4 680 6 255 10 20
41969.1 41968.2 682 6 255 10 20
42000.3 41999.6 683 6 255 10 20
42003.9 42003 684 6 255 10 20
42016.7 42016.1 685 6 255 10 20
42029.8 42029.1 686 6 255 10 20
42062.3 42061.3 688 6 255 10 20
42138.7 42137.7 689 6 255 10 20
42180.9 42175.2 690 6 255 10 20
42380.4 42378.3 692 6 255 5 100
42524.1 42522.2 694 6 255 5 100
42541 42528.7 695 6 255 10 20
42546.4 42545.5 697 6 255 10 20
42708.7 42707.5 698 6 255 10 20
42757.9 42757 699 6 255 10 20
42778 42775.7 700 6 255 10 20
42860.5 42859.3 701 6 255 10 20
42975.6 42974.2 702 6 255 10 20
43270.2 43268.7 704 6 255 10 20
43282 43279.8 705 6 255 5 100
43394 43392.6 706 6 255 10 20
43603.2 43601.8 708 6 255 10 20
43634.6 43633.2 709 6 255 10 20
43651.3 43650.3 710 6 255 10 20
43678.4 43677.1 711 6 255 10 20
43773.7 43772.6 712 6 255 10 20
43788.5 43787.5 713 6 255 10 20
43807.8 43806.4 714 6 255 10 20
43933.6 43932.4 715 6 255 10 20
43975.3 43973.1 716 6 255 5 100
44033.2 44031.2 717 6 255 5 100
44067.3 44065 718 6 255 5 100
44130 44129.2 720 6 255 10 20
44145.7 44143 721 6 255 10 20
44222.2 44221 722 6 255 8 32
44250.4 44249.6 723 6 255 10 20
44275.9 44274.7 724 6 255 10 20
44289.5 44288.1 725 6 255 8 32
44296.3 44295.5 726 6 255 10 20
44344.7 44343.9 727 6 255 10 20
44391.4 44390.2 728 6 255 8 32
44401 44400 729 6 255 10 20
44438 44437.3 730 6 255 10 20
44486.9 44486.3 731 6 255 10 20
44616.1 44611.2 732 6 255 8 32
44629.9 44629 734 6 255 10 20
44709.8 44709.1 735 6 255 10 20
44790.2 44789.2 736 6 255 10 20
44850.4 44849.5 737 6 255 10 20
44888.3 44886.7 738 6 255 5 100
44973.3 44972.5 739 6 255 10 20
44975.8 44974 740 6 255 10 20
44981.4 44980.6 741 6 255 10 20
45004.1 45001.9 742 6 255 10 20
45012.7 45011.8 743 6 255 10 20
45029.7 45028.9 744 6 255 10 20
45050.8 45050.1 745 6 255 10 20
45208.9 45208.2 746 6 255 10 20
45325.3 45324.3 747 6 255 10 20
45485.4 45484.5 748 6 255 10 20
45601.3 45600.2 749 6 255 10 20
45741.5 45740.4 750 6 255 10 20
45754 45752 751 6 255 5 100
45943.5 45942.6 752 6 255 10 20
46247.1 46245.8 755 6 255 10 20
46720.2 46717 767 6 255 10 20
48288.4 48285.4 796 6 255 5 100
53264.6 53263.4 882 6 255 10 20
53353.3 53352.3 883 6 255 10 20
53580.1 53579.2 885 6 255 10 20
53590.4 53589.5 886 6 255 10 20
53614.3 53613.3 887 6 255 10 20
53734.7 53733.7 889 6 255 10 20
53813.6 53812.4 890 6 255 10 20
53823.5 53822.1 891 6 255 10 20
53981.4 53980.1 892 6 255 10 20
54051 54048.9 895 6 255 5 100
54069.7 54067.6 896 6 255 5 100
54259 54256.9 897 6 255 5 100
54286.3 54283 899 6 255 5 100
54322.9 54321 901 6 255 5 100
54341.8 54339.6 902 6 255 5 100
54406.7 54404.4 903 6 255 5 100
54455.7 54453 904 6 255 5 100
54485.8 54483.6 905 6 255 5 100
54499.8 54497.6 906 6 255 5 100
54533.1 54530.7 907 6 255 5 100
54605.2 54603.2 908 6 255 5 100
54649 54646.9 909 6 255 5 100
54832.1 54830 910 6 255 5 100
54932.1 54929.9 911 6 255 5 100
55067 55064.7 912 6 255 5 100
55179.5 55177.4 913 6 255 5 100
55239.9 55237.9 914 6 255 5 100
55247.4 55246.3 915 6 255 10 20
55252.8 55251.8 916 6 255 10 20
55430.2 55428.9 917 6 255 10 20
55494.7 55493.6 918 6 255 10 20
55716.6 55715.7 919 6 255 10 20
55876.9 55874.8 920 6 255 10 20
55886.5 55884.5 921 6 255 5 100
55931.4 55930.3 922 6 255 10 20
56057 56055.7 923 6 255 10 20
56073.6 56072.4 924 6 255 10 20
56104.3 56103.2 925 6 255 10 20
56269.6 56268.9 926 6 255 10 20
56326.2 56324.9 927 6 255 10 20
56379.9 56378.7 929 6 255 10 20
56386.4 56385.6 930 6 255 10 20
56407.1 56405.9 932 6 255 10 20
56416.8 56416 933 6 255 10 20
56445.5 56444.5 934 6 255 10 20
56520.1 56519.3 935 6 255 10 20
56622.3 56621.6 936 6 255 10 20
56662.2 56660.5 937 6 255 5 100
56830.6 56828.6 938 6 255 5 100
56875.7 56874.6 939 6 255 10 20
57081.2 57080.6 940 6 255 10 20
57126.4 57125.4 941 6 255 10 20
57132.8 57132.1 942 6 255 10 20
57183.5 57182.9 943 6 255 10 20
57196.3 57195.7 944 6 255 10 20
57213.4 57212.5 945 6 255 10 20
57230.3 57229.4 946 6 255 10 20
57263 57262.4 947 6 255 10 20
57275 57274.4 948 6 255 10 20
57332 57331.2 949 6 255 10 20
57388.1 57387.3 951 6 255 10 20
57398 57397.1 952 6 255 10 20
57402.9 57401.9 953 6 255 10 20
57421.6 57420.7 954 6 255 10 20
57462.2 57461.6 955 6 255 10 20
57604 57602.4 956 6 255 5 100
57615.1 57613.4 957 6 255 5 100
57627.8 57627.1 958 6 255 10 20
57633.7 57632.9 959 6 255 10 20
57644.7 57643.1 960 6 255 10 20
57686.7 57685.6 961 6 255 10 20
57797.2 57796.4 962 6 255 10 20
57882.2 57881.5 963 6 255 10 20
57926.5 57925.7 964 6 255 10 20
58007.2 58006.4 965 6 255 10 20
58170.7 58169.9 966 6 255 10 20
58250.8 58248.3 967 6 255 10 20
58263.3 58261.1 968 6 255 5 100
58272.9 58271.8 969 6 255 10 20
58284.2 58283.3 970 6 255 10 20
58295.2 58294.2 971 6 255 10 20
58329 58328.1 972 6 255 10 20
58333.1 58332.1 973 6 255 10 20
58367.3 58366.2 974 6 255 10 20
58409 58408.1 975 6 255 10 20
58425.9 58424.7 976 6 255 10 20
58483.3 58480.4 977 6 255 10 20
63600.3 63598.6 1055 6 255 10 20
65998.9 65992.2 1096 6 255 10 20
67086.8 67085.4 1114 6 255 10 20
67684.1 67680.6 1127 6 255 10 20
67735.4 67724.5 1129 6 255 10 20
68313.4 68311.7 1136 6 255 10 20
68379.9 68378.5 1137 6 255 10 20
68521 68518.8 1139 6 255 5 100
68611.6 68609.3 1141 6 255 5 100
68703.1 68681.6 1143 6 255 5 100
68793.7 68792.3 1146 6 255 10 20
68795.8 68794.3 1147 6 255 10 20
68865.3 68864 1148 6 255 10 20
68932.6 68931.1 1149 6 255 10 20
68991.3 68990 1150 6 255 10 20
69121.6 69120.6 1152 6 255 10 20
69138.9 69137.8 1153 6 255 10 20
69172.2 69170.9 1154 6 255 10 20
69277.7 69276.6 1156 6 255 10 20
69418.9 69416.6 1158 6 255 5 100
69651 69650 1162 6 255 10 20
69821.4 69820.2 1163 6 255 10 20
69939.3 69938.2 1164 6 255 10 20
69953.2 69952.1 1165 6 255 10 20
69972.3 69971.3 1166 6 255 10 20
70129.8 70128.5 1168 6 255 10 20
70217.6 70216.7 1169 6 255 10 20
70273.9 70272.7 1170 6 255 10 20
70332.4 70331.4 1171 6 255 10 20
70352.5 70351.5 1172 6 255 10 20
70394.6 70392.7 1173 6 255 5 100
70520.8 70520 1174 6 255 10 20
70784.7 70783.9 1175 6 255 10 20
70843.9 70843.1 1176 6 255 10 20
70900.7 70899.9 1177 6 255 10 20
70908.8 70907.9 1178 6 255 10 20
70920.9 70920 1179 6 255 10 20
71051.4 71044.8 1181 6 255 10 20
71107.5 71105.5 1182 6 255 5 100
71135.3 71134.5 1183 6 255 10 20
71201.9 71200.8 1185 6 255 10 20
71208 71207 1186 6 255 10 20
71340.8 71338.9 1187 6 255 10 20
71397.1 71396.1 1188 6 255 10 20
71452.9 71451.9 1189 6 255 10 20
71481.9 71480.6 1190 6 255 10 20
71639.4 71638.4 1191 6 255 10 20
71669 71668.2 1192 6 255 10 20
71741.9 71740.9 1193 6 255 10 20
71804.9 71803 1194 6 255 5 100
71885.7 71884.5 1196 6 255 10 20
71939.1 71938 1197 6 255 10 20
71991.6 71990.6 1198 6 255 10 20
72071.5 72070.4 1199 6 255 10 20
72090.4 72089.1 1200 6 255 10 20
72205.6 72204.7 1202 6 255 10 20
72372.4 72371.6 1203 6 255 10 20
72393.1 72392.2 1204 6 255 10 20
72482.8 72481.3 1206 6 255 10 20
74279.6 74278.3 1244 6 255 10 20
74586.5 74583.1 1250 6 255 5 100
75532.4 75527.9 1265 6 255 5 100
79260.1 79258.4 1324 6 255 10 20
79426.9 79424.3 1326 6 255 10 20
80645.5 80643.8 1342 6 255 10 20
80922.4 80914.7 1348 6 255 10 20
81426.3 81425.1 1359 6 255 10 20
81527.2 81526.2 1360 6 255 10 20
81600.3 81598.9 1362 6 255 10 20
81820.6 81818.8 1363 6 255 10 20
81857.4 81856.2 1364 6 255 10 20
81894.2 81893.1 1365 6 255 10 20
81961 81959.7 1366 6 255 10 20
82088.6 82087.3 1367 6 255 10 20
82111.3 82110.3 1368 6 255 10 20
82195 82193.8 1369 6 255 10 20
82221.9 82220.5 1370 6 255 10 20
82337.1 82335.8 1371 6 255 10 20
82407.1 82406.1 1372 6 255 10 20
82432.1 82431.1 1373 6 255 10 20
82455.4 82454 1374 6 255 10 20
82477.6 82475.9 1375 6 255 10 20
82707.5 82706.4 1376 6 255 10 20
82759.7 82758.6 1377 6 255 10 20
82885.4 82884.3 1378 6 255 10 20
82897.9 82896.6 1379 6 255 10 20
82963.5 82962.6 1380 6 255 10 20
82995.4 82994.2 1381 6 255 10 20
83031 83029.1 1382 6 255 5 100
83093.4 83092.6 1383 6 255 10 20
83158 83157 1384 6 255 10 20
83240.3 83239.2 1385 6 255 10 20
83325.1 83323.9 1388 6 255 10 20
83374.3 83373 1389 6 255 10 20
83419.7 83418 1390 6 255 10 20
83557.7 83556.7 1391 6 255 10 20
83592.5 83591.5 1392 6 255 10 20
83629.6 83628.4 1393 6 255 10 20
83658.8 83656.1 1394 6 255 10 20
83665.4 83664.2 1395 6 255 10 20
83703.5 83702.8 1396 6 255 10 20
83832.5 83825.7 1397 6 255 5 100
83908.1 83905.9 1398 6 255 5 100
83962.7 83960.7 1399 6 255 5 100
84062.3 84061 1400 6 255 10 20
84082.9 84081.6 1401 6 255 10 20
84183.7 84180.3 1404 6 255 10 20
84235.2 84234.3 1405 6 255 10 20
84256.1 84255.1 1406 6 255 10 20
84296.3 84294.1 1407 6 255 10 20
84310.6 84308.6 1408 6 255 10 20
84365.5 84363.3 1409 6 255 10 20
84428.2 84427 1410 6 255 10 20
84438.1 84437.2 1411 6 255 10 20
84472.3 84471.2 1412 6 255 10 20
84523.7 84522.8 1413 6 255 10 20
84588.4 84587.3 1414 6 255 10 20
84653.1 84651.3 1415 6 255 5 100
84776.3 84775.4 1416 6 255 10 20
84881.6 84880.7 1417 6 255 10 20
84886.1 84885.2 1418 6 255 10 20
84925.1 84924.4 1419 6 255 10 20
85004.6 85003.9 1420 6 255 10 20
85131.7 85130.6 1421 6 255 10 20
85181 85180.1 1422 6 255 10 20
85187.7 85186.7 1423 6 255 10 20
85270.8 85269.6 1426 6 255 10 20
85326 85324.4 1428 6 255 5 100
85416.2 85415.5 1429 6 255 10 20
85433.8 85433 1430 6 255 10 20
85469.8 85469.1 1431 6 255 10 20
85626.3 85625.3 1432 6 255 10 20
85640.6 85639.9 1433 6 255 10 20
85673 85671.9 1434 6 255 10 20
85739.9 85739.2 1435 6 255 10 20
85795.9 85795.2 1436 6 255 10 20
85849.8 85848.9 1437 6 255 10 20
85883.2 85881.3 1438 6 255 10 20
85923.8 85923 1439 6 255 10 20
85929.2 85928.4 1440 6 255 10 20
86022.5 86019.9 1442 6 255 5 100
86030.6 86028.5 1443 6 255 5 100
86084.7 86083.8 1444 6 255 10 20
86114.4 86113.5 1445 6 255 10 20
86116.7 86115.2 1446 6 255 10 20
88724.6 88721.8 1483 6 255 10 20
90840.6 90837 1515 6 255 10 20
92150.2 92148.6 1532 6 255 10 20
92439.9 92438.5 1537 6 255 10 20
93865.5 93864.4 1565 6 255 10 20
93885.6 93880.8 1566 6 255 10 20
93894.2 93893 1567 6 255 10 20
93948.8 93941.3 1568 6 255 10 20
94132.9 94131.8 1570 6 255 10 20
94146.2 94144.1 1571 6 255 10 20
94260.6 94258.3 1573 6 255 5 100
94271.7 94268.6 1574 6 255 5 100
94400.9 94398.5 1576 6 255 5 100
94440.9 94438.5 1577 6 255 5 100
94451.3 94449.3 1578 6 255 5 100
94501.3 94500.3 1579 6 255 10 20
94601.2 94599.1 1580 6 255 10 20
94653 94651.8 1581 6 255 10 20
94695.8 94694.5 1582 6 255 10 20
94790.6 94789.5 1583 6 255 10 20
94963.1 94961.9 1584 6 255 10 20
94983.2 94982.1 1585 6 255 10 20
95012.5 95011.4 1586 6 255 10 20
95100.7 95099.6 1587 6 255 10 20
95143.2 95142.1 1588 6 255 10 20
95148.5 95146.3 1589 6 255 5 100
95190.4 95189.2 1590 6 255 10 20
95230.3 95229.4 1591 6 255 10 20
95267.8 95266.9 1592 6 255 10 20
95280.2 95279.2 1593 6 255 10 20
95315.5 95313.6 1594 6 255 10 20
95394.5 95393.6 1595 6 255 10 20
95450.7 95449.5 1596 6 255 10 20
95471.3 95470 1597 6 255 10 20
95494.3 95493.3 1598 6 255 10 20
95525.4 95524.1 1599 6 255 10 20
95528.9 95528 1600 6 255 10 20
95730.1 95728.8 1601 6 255 10 20
95842.1 95841.2 1602 6 255 10 20
95863.7 95862.5 1603 6 255 10 20
95996.8 95994.7 1604 6 255 5 100
96014.1 96012 1605 6 255 5 100
96031 96029.7 1607 6 255 10 20
96074.2 96073.2 1609 6 255 10 20
96199.8 96198.9 1610 6 255 10 20
96250.5 96249.4 1611 6 255 10 20
96300.2 96299 1612 6 255 10 20
96431.9 96430.8 1614 6 255 10 20
96576.8 96575.3 1615 6 255 10 20
96668.2 96666.6 1616 6 255 10 20
96698.8 96696.9 1617 6 255 5 100
96704.1 96700.3 1618 6 255 5 100
96804.8 96804 1619 6 255 10 20
96871 96869.9 1621 6 255 10 20
96952.6 96951.7 1622 6 255 10 20
97088.9 97087.8 1623 6 255 10 20
97097.4 97096 1624 6 255 10 20
97122.4 97121.2 1625 6 255 10 20
97168.1 97167.4 1627 6 255 10 20
97169.9 97169.2 1628 6 255 10 20
97184.8 97183.8 1629 6 255 10 20
97344.1 97343 1630 6 255 10 20
97533.5 97531.9 1631 6 255 10 20
97558.9 97557.9 1632 6 255 10 20
97563.1 97561.1 1633 6 255 5 100
97636.5 97634.6 1634 6 255 5 100
97644.2 97643.1 1635 6 255 10 20
97735.8 97727.6 1636 6 255 10 20
97792.1 97791 1637 6 255 10 20
97895 97893.7 1638 6 255 10 20
97910.5 97909.5 1640 6 255 10 20
97947.1 97946.1 1641 6 255 10 20
97976 97974.7 1642 6 255 10 20
98071.7 98070.4 1643 6 255 10 20
98120.3 98119.4 1644 6 255 10 20
98199.3 98198.5 1645 6 255 10 20
98230.9 98229.7 1646 6 255 10 20
98260.6 98259.7 1647 6 255 10 20
98330.2 98329.1 1648 6 255 10 20
98351 98350.1 1649 6 255 10 20
98453.9 98451.7 1650 6 255 5 100
98584 98581.8 1651 6 255 5 100
98673.1 98671.8 1653 6 255 10 20
98709.6 98708.3 1654 6 255 8 32
98729.1 98728.2 1655 6 255 10 20
98832 98830.8 1657 6 255 10 20
98906.9 98905.5 1658 6 255 8 32
99016.9 99015.7 1659 6 255 10 20
99054.9 99053.9 1660 6 255 8 32
99385.9 99383.5 1666 6 255 10 20
99784.9 99782.7 1672 6 255 5 100
99821.4 99820.2 1676 6 255 10 20
