115.657 112.927 2 3 255 5 100
139.686 135.902 4 3 255 10 20
312.155 310.928 10 3 255 10 20
375.649 374.379 13 3 255 10 20
1862.24 1848.14 42 3 255 10 20
2361.85 2359.87 50 3 255 10 20
2392.58 2389.91 51 3 255 10 20
3379.59 3378.2 69 3 255 10 20
4215.7 4213.43 82 3 255 5 100
5726.27 5725.14 111 3 255 10 20
5915.34 5913.93 114 3 255 10 20
5960.97 5960.04 115 3 255 10 20
6070.43 6069.16 116 3 255 10 20
6184.68 6183.53 117 3 255 10 20
6271.82 6270.74 118 3 255 10 20
6314.79 6313.1 119 3 255 10 20
6358.01 6356.71 120 3 255 10 20
6643.2 6642.19 121 3 255 10 20
6730.71 6728.69 122 3 255 10 20
6811.85 6810.74 123 3 255 10 20
6831.07 6829.94 124 3 255 10 20
6947.29 6944.3 125 3 255 10 20
6974.8 6973.64 127 3 255 10 20
7136.89 7135.57 128 3 255 10 20
7309.96 7308.82 130 3 255 10 20
7344.14 7342.76 131 3 255 10 20
7968.09 7965.54 139 3 255 5 100
8044.93 8040.23 142 3 255 5 100
8787.59 8784.92 156 3 255 5 100
9715.48 9713.93 174 3 255 10 20
9842.65 9841.02 178 3 255 10 20
10881.5 10878.6 198 3 255 10 20
13812.1 13810.3 250 3 255 10 20
14961.9 14959.5 266 3 255 5 100
15393.8 15392.3 278 3 255 10 20
15854.6 15852.5 285 3 255 10 20
17931.4 17929.1 331 3 255 5 100
18044.9 18043.8 336 3 255 10 20
18295.8 18294.5 342 3 255 10 20
18398.7 18397.5 344 3 255 10 20
18661.2 18660.1 348 3 255 10 20
18704.8 18702.9 349 3 255 10 20
18730.8 18728.7 351 3 255 5 100
18766.5 18764.7 352 3 255 5 100
18793.8 18790.2 353 3 255 5 100
18917.1 18915.1 354 3 255 5 100
19080.7 19068.1 355 3 255 5 100
19089.3 19087.5 356 3 255 5 100
19224 19221.8 357 3 255 5 100
19303 19301.3 358 3 255 5 100
19328.1 19326.1 359 3 255 5 100
19375.9 19373.9 360 3 255 5 100
19559.8 19558 361 3 255 5 100
19567.6 19565.8 362 3 255 5 100
19582.1 19580.9 364 3 255 10 20
19667.3 19666.2 365 3 255 10 20
19675.7 19674.6 366 3 255 10 20
19682.3 19681.1 367 3 255 10 20
19736.3 19735.5 369 3 255 10 20
19816 19815 370 3 255 10 20
20000.4 19999.2 371 3 255 10 20
20008.7 20007.5 372 3 255 10 20
20138 20137 373 3 255 10 20
20170.6 20169.7 374 3 255 10 20
20195.1 20194.1 375 3 255 10 20
20236.9 20234.8 376 3 255 5 100
20256.7 20254.6 377 3 255 5 100
20274.7 20272.6 378 3 255 5 100
20296.9 20294.7 379 3 255 5 100
20332.2 20331.3 380 3 255 10 20
20452 20451.2 381 3 255 10 20
20604.3 20602.4 382 3 255 10 20
20653.3 20652 383 3 255 10 20
20655.7 20654.9 384 3 255 10 20
20660.1 20658.9 385 3 255 10 20
20665.4 20664.3 386 3 255 10 20
20847.9 20844 387 3 255 10 20
20862.4 20859.7 388 3 255 10 20
20875.4 20874.4 389 3 255 10 20
20879.6 20878.4 390 3 255 10 20
20975.1 20974.1 391 3 255 10 20
22017.7 22015.2 406 3 255 5 100
23185 23183.3 429 3 255 10 20
23323.8 23322.1 434 3 255 10 20
23717.5 23712.5 439 3 255 5 100
23750 23741.2 440 3 255 10 20
23797.8 23796.1 444 3 255 10 20
24414.9 24412.2 455 3 255 5 100
24712.8 24710.6 462 3 255 10 20
26739.1 26737.1 493 3 255 10 20
29295.3 29294 538 3 255 10 20
31142.6 31139.8 568 3 255 10 20
31211.3 31210.1 569 3 255 10 20
31226.8 31225.9 570 3 255 10 20
31280.8 31279.8 571 3 255 10 20
31373.7 31372.6 572 3 255 10 20
31411.4 31410.7 573 3 255 10 20
31532.5 31531.8 574 3 255 10 20
31559.9 31558.9 575 3 255 10 20
31584.9 31584.2 576 3 255 10 20
31603.8 31602.7 577 3 255 10 20
32015.7 32015 579 3 255 10 20
32042.4 32041.3 580 3 255 10 20
32102.7 32101.8 581 3 255 10 20
32361.7 32360.7 582 3 255 10 20
32379.3 32378.4 583 3 255 10 20
32497.6 32496.4 584 3 255 10 20
32563.8 32561.7 587 3 255 5 100
32571.4 32569.5 588 3 255 5 100
32687.9 32685.9 589 3 255 5 100
32744.2 32742.1 590 3 255 5 100
32833.1 32831 591 3 255 5 100
32840.1 32837.9 592 3 255 5 100
33079.7 33077.5 593 3 255 5 100
33088 33085.7 594 3 255 5 100
33152.4 33150.2 595 3 255 5 100
33265.1 33263.1 596 3 255 5 100
33295.1 33293.2 597 3 255 5 100
33300.5 33298.2 598 3 255 5 100
33310.3 33308 599 3 255 5 100
33379.1 33376.9 600 3 255 5 100
33510.6 33508.3 601 3 255 5 100
33635.7 33634 602 3 255 10 20
33652.5 33651.7 603 3 255 10 20
33703.5 33702.6 604 3 255 10 20
33743.9 33742.6 605 3 255 10 20
33775.6 33774.1 606 3 255 10 20
33791 33789.8 607 3 255 10 20
33848.8 33847.8 608 3 255 10 20
33937 33935.5 609 3 255 10 20
34027.2 34026.2 611 3 255 10 20
34035.4 34034.1 612 3 255 10 20
34084.8 34083.9 614 3 255 10 20
34204.5 34203.4 617 3 255 10 20
34223.4 34221.1 618 3 255 5 100
34237.6 34236.4 619 3 255 10 20
34266.1 34264.7 620 3 255 10 20
34273.6 34272.6 621 3 255 10 20
34334.9 34333.5 622 3 255 10 20
34367.2 34365.6 623 3 255 10 20
34393.1 34392 624 3 255 10 20
34463.5 34462.1 625 3 255 10 20
34482.4 34481.2 626 3 255 10 20
34506.6 34505.1 627 3 255 10 20
34568.2 34566.8 628 3 255 10 20
34634.4 34633.1 629 3 255 10 20
34718.2 34716.8 630 3 255 10 20
34779.6 34778.4 631 3 255 10 20
34919.1 34917.7 632 3 255 10 20
34953.6 34951.1 633 3 255 5 100
35674.9 35672.8 645 3 255 10 20
36781.5 36780 664 3 255 10 20
36785.4 36783.7 665 3 255 10 20
38675.2 38673.4 698 3 255 10 20
41098 41096.6 729 3 255 10 20
42907 42906 758 3 255 10 20
43332 43327.4 766 3 255 5 100
43351.5 43349.9 769 3 255 10 20
43462.2 43461.3 770 3 255 10 20
43511.7 43511.1 771 3 255 10 20
43540.6 43539.9 772 3 255 10 20
43610.7 43609.5 773 3 255 10 20
43808.1 43807.1 775 3 255 10 20
43851.7 43850.9 776 3 255 10 20
43887.4 43886.3 777 3 255 10 20
43897.2 43896.2 778 3 255 10 20
43970.7 43969.7 779 3 255 10 20
44008 44006.9 780 3 255 10 20
44017.8 44016.2 781 3 255 10 20
44207.9 44205.8 782 3 255 10 20
44278.2 44277.2 783 3 255 10 20
44347.9 44346.1 784 3 255 10 20
44351.2 44350.1 786 3 255 10 20
44393.8 44392 787 3 255 10 20
44421.3 44420.2 788 3 255 10 20
44428.4 44427.4 789 3 255 10 20
44568.3 44567.5 790 3 255 10 20
44576.7 44575.7 791 3 255 10 20
44608.7 44607.5 792 3 255 10 20
44651.6 44650.7 794 3 255 10 20
44714.9 44713.9 795 3 255 10 20
44807.9 44806.7 796 3 255 10 20
45001.7 45000.5 797 3 255 10 20
45045.1 45042.7 798 3 255 10 20
45170.1 45169.2 799 3 255 10 20
45172.3 45169.7 800 3 255 10 20
45287.8 45286.7 801 3 255 10 20
45316.1 45314.7 802 3 255 10 20
45458.1 45457 803 3 255 10 20
45505.6 45503.3 804 3 255 5 100
45510.4 45507 805 3 255 5 100
45526.7 45525.4 807 3 255 10 20
45584.5 45583.3 808 3 255 10 20
45716.6 45715.3 809 3 255 8 32
45919.7 45918.7 810 3 255 10 20
46042.2 46041.1 811 3 255 10 20
46060.7 46059.4 812 3 255 8 32
46097.9 46096.7 813 3 255 10 20
46168.6 46167.4 814 3 255 10 20
46273.2 46272.1 815 3 255 10 20
46306.9 46304.8 816 3 255 5 100
46323.4 46322.2 817 3 255 10 20
46386.8 46385.5 818 3 255 10 20
46423.8 46422.5 819 3 255 10 20
46471.7 46470.4 820 3 255 10 20
46509.5 46508.2 822 3 255 10 20
46909 46906.5 823 3 255 10 20
46949.8 46948.6 824 3 255 10 20
47128.4 47126.3 825 3 255 5 100
47142.3 47140 826 3 255 5 100
47184.9 47183.7 829 3 255 10 20
47816 47809.9 848 3 255 10 20
54287.4 54285.6 935 3 255 10 20
54610.1 54609.2 941 3 255 10 20
54783.5 54782.9 942 3 255 10 20
54935.4 54934.2 943 3 255 10 20
54943.1 54942.4 944 3 255 10 20
54947.1 54946.1 945 3 255 10 20
54967.8 54966.9 947 3 255 10 20
55070.3 55068.6 948 3 255 10 20
55080.1 55079.1 949 3 255 10 20
55213.9 55213.2 950 3 255 10 20
55222.7 55221.8 951 3 255 10 20
55328.9 55327 952 3 255 10 20
55504.8 55503.8 953 3 255 10 20
55519.9 55519.3 954 3 255 10 20
55632.7 55631.9 955 3 255 10 20
55634.6 55633.6 956 3 255 10 20
55648.6 55647.8 957 3 255 10 20
55759 55758 958 3 255 10 20
55762.7 55761.6 959 3 255 10 20
55772.8 55772.1 960 3 255 10 20
55835.3 55833.6 961 3 255 5 100
55841 55840.4 962 3 255 10 20
55854 55853.4 963 3 255 10 20
55863.9 55862.9 964 3 255 10 20
56004.7 56003.5 965 3 255 10 20
56028.1 56027.1 966 3 255 10 20
56058.8 56056.9 967 3 255 10 20
56117 56115.2 968 3 255 10 20
56163.3 56162.5 969 3 255 10 20
56214 56213.1 971 3 255 10 20
56309.3 56308.4 972 3 255 10 20
56323.5 56322.7 973 3 255 10 20
56380 56364.4 974 3 255 10 20
56435.3 56434.2 975 3 255 10 20
56503.2 56502.3 976 3 255 10 20
56553.4 56551.2 977 3 255 5 100
56828.6 56827.5 979 3 255 10 20
56849.6 56848.5 980 3 255 10 20
56947.2 56946.2 982 3 255 10 20
57025.5 57024.5 983 3 255 10 20
57168.6 57167.4 984 3 255 10 20
57193 57191 985 3 255 5 100
57240.2 57239.3 986 3 255 10 20
57254.2 57253.2 987 3 255 10 20
57447.4 57446.3 989 3 255 10 20
57465.5 57463.6 990 3 255 10 20
57469.3 57468.2 991 3 255 10 20
57599 57597.8 993 3 255 10 20
57712.8 57711.8 994 3 255 10 20
57748.8 57747.5 995 3 255 10 20
57896.5 57895.5 997 3 255 10 20
57954.7 57952.4 998 3 255 5 100
57959.2 57957.8 999 3 255 10 20
58024.5 58023.3 1000 3 255 10 20
58077.7 58076.3 1001 3 255 10 20
58248.8 58247.4 1002 3 255 10 20
58336.1 58323.8 1003 3 255 10 20
58369.2 58367.3 1004 3 255 10 20
58452.2 58451.3 1005 3 255 10 20
58480.2 58479 1006 3 255 10 20
58542.5 58541.3 1007 3 255 10 20
58758.7 58757.5 1008 3 255 10 20
58813.1 58810.8 1009 3 255 5 100
58901 58898.3 1011 3 255 5 100
58973.7 58965.6 1014 3 255 5 100
59056.1 59054.7 1015 3 255 10 20
59058.5 59056.6 1016 3 255 10 20
59100.8 59099.7 1018 3 255 10 20
59252 59250.5 1019 3 255 10 20
59290.7 59289.6 1020 3 255 10 20
59518.1 59517.1 1022 3 255 10 20
59728.4 59726.7 1023 3 255 10 20
59927.7 59924.1 1025 3 255 5 100
59935.6 59928.1 1027 3 255 5 100
59995.1 59992.3 1030 3 255 10 20
62388.9 62387 1075 3 255 10 20
64105.4 64102.8 1108 3 255 10 20
64585 64582.4 1114 3 255 5 100
66986 66982.2 1142 3 255 5 100
67674.6 67673.2 1159 3 255 10 20
67815.1 67812.8 1164 3 255 10 20
67822.4 67820.6 1165 3 255 10 20
69456.1 69455 1196 3 255 10 20
69461.5 69460.5 1197 3 255 10 20
69538.3 69537.3 1198 3 255 10 20
69541.6 69540.5 1199 3 255 10 20
69589.1 69588.4 1200 3 255 10 20
69761.5 69760.7 1201 3 255 10 20
69828.7 69828 1202 3 255 10 20
69902.7 69901.8 1203 3 255 10 20
70022.7 70021.9 1204 3 255 10 20
70046.9 70046.3 1205 3 255 10 20
70352.8 70352 1206 3 255 10 20
70367.4 70366.4 1207 3 255 10 20
70421.1 70420.4 1208 3 255 10 20
70593.5 70592.5 1210 3 255 10 20
70595.4 70594.7 1211 3 255 10 20
70675.6 70674.9 1212 3 255 10 20
70731.8 70730.8 1214 3 255 10 20
70746 70744.9 1215 3 255 10 20
70936 70932.8 1216 3 255 10 20
71119.9 71116.8 1218 3 255 5 100
71242.6 71239.9 1219 3 255 5 100
71274.6 71272.6 1220 3 255 5 100
71293.5 71291.6 1221 3 255 5 100
71361.4 71359.4 1222 3 255 5 100
71447.7 71445.7 1223 3 255 5 100
71474.6 71472.3 1224 3 255 5 100
71486.8 71484.7 1225 3 255 5 100
71542 71539.6 1226 3 255 5 100
71628.1 71626.1 1227 3 255 5 100
71772.7 71770.7 1228 3 255 5 100
71836 71832.5 1229 3 255 5 100
71867.3 71865.1 1230 3 255 5 100
72080.7 72078.7 1232 3 255 5 100
72125.8 72122.9 1233 3 255 5 100
72171.4 72170.2 1235 3 255 10 20
72230.8 72228.2 1237 3 255 10 20
72233.3 72231.9 1238 3 255 10 20
72258.2 72256.9 1239 3 255 10 20
72392 72389.6 1240 3 255 10 20
72444.6 72443.1 1241 3 255 10 20
72519.6 72518.2 1242 3 255 10 20
72636.2 72635.1 1243 3 255 10 20
72647 72645.8 1244 3 255 10 20
72659 72657.6 1245 3 255 10 20
72812 72810.4 1246 3 255 10 20
73259.4 73256.4 1253 3 255 5 100
75224.2 75220.8 1279 3 255 10 20
78571 78569.2 1330 3 255 10 20
82123 82120.4 1397 3 255 10 20
82805.2 82803.6 1407 3 255 10 20
83445.4 83444.3 1413 3 255 10 20
83533.1 83531.9 1414 3 255 10 20
83552 83550.1 1415 3 255 10 20
83666.5 83665.1 1417 3 255 10 20
83830.7 83827.5 1418 3 255 10 20
83857.9 83856.9 1419 3 255 10 20
83904.5 83903.4 1420 3 255 10 20
83974.7 83971.9 1422 3 255 10 20
84173.2 84172 1423 3 255 10 20
84245.7 84244.6 1424 3 255 10 20
84270.1 84268.9 1425 3 255 10 20
84294.7 84293.5 1426 3 255 10 20
84448.3 84447.3 1427 3 255 10 20
84545.1 84544 1428 3 255 10 20
84604.3 84603.2 1429 3 255 10 20
84656.8 84653.4 1430 3 255 10 20
84688.6 84687.5 1431 3 255 10 20
84826.5 84825.3 1432 3 255 10 20
84848 84846.8 1433 3 255 10 20
84875.7 84874.5 1434 3 255 10 20
84900.6 84899.6 1435 3 255 10 20
84918.8 84917.8 1436 3 255 10 20
84965.4 84964.4 1437 3 255 10 20
84978.1 84977.2 1438 3 255 10 20
84984.6 84983.4 1439 3 255 10 20
84995.4 84994.5 1440 3 255 10 20
85085.3 85084.3 1441 3 255 10 20
85103.2 85102 1442 3 255 10 20
85165 85163.7 1444 3 255 10 20
85192.3 85190 1445 3 255 5 100
85268.8 85265.8 1447 3 255 10 20
85336.2 85334.8 1449 3 255 8 32
85381.2 85380 1450 3 255 10 20
85408.5 85407.5 1451 3 255 10 20
85490.9 85489.4 1452 3 255 8 32
85511.6 85510.2 1453 3 255 10 20
85590.4 85589.3 1454 3 255 10 20
86505.4 86502.2 1463 3 255 10 20
88329.2 88325.1 1489 3 255 5 100
88714 88712.3 1496 3 255 10 20
93870.2 93867.6 1565 3 255 5 100
94654.6 94652.7 1578 3 255 10 20
94697.3 94695.7 1579 3 255 10 20
95334.6 95333.1 1587 3 255 10 20
96998.7 96993.8 1617 3 255 10 20
97518.3 97517.3 1629 3 255 10 20
97836 97834.8 1635 3 255 10 20
97853.5 97852.6 1636 3 255 10 20
97877.3 97876 1637 3 255 10 20
97919.5 97918.4 1638 3 255 10 20
98043.6 98042.3 1639 3 255 10 20
98145 98143.7 1640 3 255 10 20
98688.3 98684.2 1651 3 255 5 100
99405.5 99401.8 1663 3 255 5 100
99578 99576.7 1666 3 255 10 20
99657.8 99656 1668 3 255 10 20
99861.2 99859.9 1673 3 255 10 20
