258.745 257.246 5 4 255 10 20
1592.38 1589.85 31 4 255 5 100
3926.42 3925.62 75 4 255 10 20
4459.64 4458.59 88 4 255 10 20
4549.84 4549.14 89 4 255 10 20
4684.74 4683.89 90 4 255 10 20
4701.38 4700.77 91 4 255 10 20
4791.32 4790.52 92 4 255 10 20
4802.43 4801.44 93 4 255 10 20
4872.92 4872.24 94 4 255 10 20
4875.38 4873.83 95 4 255 10 20
4888.15 4887.27 96 4 255 10 20
4916.13 4915.03 97 4 255 10 20
4971.02 4970.34 98 4 255 10 20
5056.21 5055.39 99 4 255 10 20
5164.18 5163.31 100 4 255 10 20
5175.32 5174.25 101 4 255 10 20
5200.7 5199.49 102 4 255 10 20
5216.61 5215.85 103 4 255 10 20
5252.53 5251.73 104 4 255 10 20
5326.13 5325.12 105 4 255 10 20
5384.01 5383.27 106 4 255 10 20
5492.42 5491.48 107 4 255 10 20
5499.14 5497.02 108 4 255 5 100
5532.88 5531.55 109 4 255 10 20
5545.25 5544.39 110 4 255 10 20
5572.99 5572.05 111 4 255 10 20
5577.66 5576.76 112 4 255 10 20
5607.56 5606.42 113 4 255 10 20
5755.32 5754.27 115 4 255 10 20
5770.34 5769.37 116 4 255 10 20
5966.19 5965.14 117 4 255 10 20
5974.81 5973.8 118 4 255 10 20
5999.29 5998.19 119 4 255 10 20
6319.25 6317.72 122 4 255 10 20
6402.99 6402.05 123 4 255 10 20
6595.37 6594.12 124 4 255 10 20
6762.55 6761.51 125 4 255 10 20
6835.2 6834.14 126 4 255 10 20
6839.22 6834.82 127 4 255 10 20
6897.41 6895.07 129 4 255 5 100
7760.49 7757.8 139 4 255 5 100
7965.73 7964.15 141 4 255 10 20
8196.28 8194.43 145 4 255 10 20
8749.2 8747.18 151 4 255 10 20
9557.43 9553.93 166 4 255 5 100
15301.3 15299.6 246 4 255 10 20
16604.7 16603.4 269 4 255 10 20
16998.1 16996.2 274 4 255 5 100
17270.9 17269.8 276 4 255 10 20
17404.8 17404.1 277 4 255 10 20
17472.9 17472.2 278 4 255 10 20
17521.9 17521.2 279 4 255 10 20
17591.2 17590.5 280 4 255 10 20
17638 17637.1 281 4 255 10 20
17660.1 17659.3 282 4 255 10 20
17674.2 17673.2 283 4 255 10 20
17691.9 17691.1 284 4 255 10 20
17779.6 17778.9 285 4 255 10 20
17785.1 17784.5 286 4 255 10 20
17889.3 17888.4 287 4 255 10 20
17895.3 17894.7 288 4 255 10 20
18044.2 18043.3 289 4 255 10 20
18064 18063 290 4 255 10 20
18103.6 18102.6 291 4 255 10 20
18178 18177 292 4 255 10 20
18317.6 18316.6 294 4 255 10 20
18361.7 18360.7 295 4 255 10 20
18531.2 18528.8 296 4 255 10 20
18582 18580.2 298 4 255 5 100
18673.4 18670.6 299 4 255 5 100
18723.1 18721.2 300 4 255 5 100
18839.8 18837.7 301 4 255 5 100
18859.3 18857.1 302 4 255 5 100
18878.6 18876.8 303 4 255 5 100
18961.9 18958.6 304 4 255 5 100
19015.3 19013.3 305 4 255 5 100
19038.8 19037.5 306 4 255 10 20
19055.2 19054.1 307 4 255 10 20
19071.8 19070.3 308 4 255 10 20
19081.9 19080 309 4 255 10 20
19199 19197.9 310 4 255 10 20
19213 19211.6 311 4 255 10 20
19215 19211.8 312 4 255 10 20
19389 19386.1 313 4 255 10 20
19409.2 19407.9 314 4 255 10 20
19524.9 19523.8 315 4 255 10 20
19623.7 19622.5 316 4 255 10 20
19653.5 19651.5 317 4 255 5 100
19730.1 19728.1 318 4 255 10 20
19896.5 19895.2 319 4 255 10 20
19910.1 19901.3 320 4 255 10 20
19940.4 19939.3 321 4 255 10 20
19972.3 19970.8 322 4 255 10 20
19979.8 19978.3 323 4 255 10 20
19988.8 19987.3 324 4 255 10 20
20003.4 20001.5 325 4 255 10 20
20006.9 20005.4 326 4 255 10 20
20041.9 20040.7 327 4 255 10 20
20300.8 20299.5 329 4 255 10 20
20310 20307.5 330 4 255 5 100
20558.4 20557 336 4 255 10 20
20769.9 20768.1 341 4 255 10 20
22765.7 22761.9 378 4 255 5 100
24246.8 24244.1 398 4 255 10 20
27670.7 27668.5 451 4 255 10 20
27674.7 27672.9 452 4 255 10 20
28631.6 28630.3 467 4 255 10 20
29531 29529.3 484 4 255 10 20
29847.4 29846.3 489 4 255 10 20
30005.4 30004.3 493 4 255 10 20
30246.3 30243.9 498 4 255 10 20
30387.9 30386.9 501 4 255 10 20
30480.3 30479.2 502 4 255 10 20
30569.5 30568.4 503 4 255 10 20
30572.6 30571.8 504 4 255 10 20
30596.3 30595.3 505 4 255 10 20
30771.3 30770.5 506 4 255 10 20
30778.6 30777.3 507 4 255 10 20
30820.1 30819.1 508 4 255 10 20
30824.9 30823.8 509 4 255 10 20
30836.7 30835.5 510 4 255 10 20
30875.5 30874.3 511 4 255 10 20
30890.2 30889 512 4 255 10 20
30967 30965.7 513 4 255 10 20
31062.5 31061.3 514 4 255 10 20
31073.4 31072.1 515 4 255 10 20
31161.9 31161.1 516 4 255 10 20
31433.8 31432.6 517 4 255 10 20
31441.1 31439.9 518 4 255 10 20
31519.6 31518.6 519 4 255 10 20
31590.9 31589.8 520 4 255 10 20
31708.7 31707.9 522 4 255 10 20
31733.1 31732.2 523 4 255 10 20
31739.4 31737.5 524 4 255 5 100
31793.6 31791.7 525 4 255 5 100
31811.5 31810.7 526 4 255 10 20
31821.2 31820.4 527 4 255 10 20
31858.6 31857.7 528 4 255 10 20
31885.2 31884.1 529 4 255 10 20
31916.6 31915.4 530 4 255 10 20
31939 31937 531 4 255 10 20
31950.6 31949.4 532 4 255 10 20
32060 32057.3 533 4 255 10 20
32098.1 32096.9 534 4 255 10 20
32106.3 32105.2 535 4 255 10 20
32385.4 32384.4 536 4 255 10 20
32426.1 32425.2 537 4 255 10 20
32732.2 32730.1 538 4 255 5 100
32909.4 32908.4 539 4 255 10 20
32945.3 32944 540 4 255 10 20
33059.7 33058.6 541 4 255 10 20
33107.3 33106.2 542 4 255 10 20
33127.6 33126.3 543 4 255 10 20
33192.1 33190.6 544 4 255 10 20
33435.3 33434.2 549 4 255 10 20
33614.3 33611.8 553 4 255 5 100
34186 34184.3 566 4 255 10 20
34585 34583.5 572 4 255 10 20
35211.2 35209.4 583 4 255 10 20
35302.7 35301 585 4 255 10 20
35875.4 35873.5 596 4 255 10 20
35942.6 35940.8 598 4 255 10 20
36443.4 36439.5 605 4 255 10 20
37967.7 37966.2 624 4 255 10 20
39834.5 39832.3 662 4 255 5 100
40205.6 40201.3 670 4 255 5 100
40376 40373.9 675 4 255 5 100
41102.8 41100.2 684 4 255 5 100
42285.1 42282.7 704 4 255 5 100
42581.9 42579.9 707 4 255 10 20
42949.6 42947.7 718 4 255 10 20
43132.7 43130.6 724 4 255 10 20
43746.5 43745.2 736 4 255 10 20
45614.4 45613.6 762 4 255 10 20
45708.5 45707.4 763 4 255 10 20
45888.5 45887.6 765 4 255 10 20
46100.6 46099.5 766 4 255 10 20
46568.7 46567.4 767 4 255 10 20
46573.6 46572.5 768 4 255 10 20
46783 46780.6 775 4 255 5 100
47030.9 47028.8 782 4 255 10 20
47270.6 47269.2 785 4 255 10 20
47346.9 47344.5 787 4 255 10 20
48726 48723 817 4 255 10 20
51868.5 51866.6 863 4 255 10 20
52039.4 52037.8 866 4 255 10 20
52062.1 52060.6 867 4 255 10 20
52621.9 52620.8 878 4 255 10 20
53361.2 53358.8 889 4 255 5 100
56056.9 56055.5 930 4 255 10 20
56214.8 56212.7 935 4 255 10 20
57792.2 57790.6 953 4 255 10 20
58130.4 58129 959 4 255 10 20
61746.1 61743.7 1014 4 255 10 20
62397.5 62395.2 1026 4 255 10 20
62875.9 62871.4 1033 4 255 5 100
62905.8 62902 1036 4 255 10 20
62912.3 62909.4 1037 4 255 10 20
62932.1 62930.4 1038 4 255 10 20
63975.4 63973.4 1051 4 255 10 20
66071.4 66070.2 1093 4 255 10 20
66093.3 66092 1094 4 255 10 20
66120.8 66119.6 1095 4 255 10 20
66129.7 66128.3 1096 4 255 10 20
66140.5 66139.6 1097 4 255 10 20
66183.5 66182.3 1098 4 255 10 20
66263.7 66262.5 1099 4 255 10 20
66291.8 66290.8 1100 4 255 10 20
66304.7 66303.6 1101 4 255 10 20
66329 66327.8 1102 4 255 10 20
66517.2 66516 1103 4 255 10 20
66593.1 66592.3 1104 4 255 10 20
66601.3 66600.4 1105 4 255 10 20
66631.6 66630.4 1108 4 255 10 20
66648 66646.8 1109 4 255 10 20
66778 66776.9 1110 4 255 10 20
66864 66863.1 1111 4 255 10 20
66908 66907.1 1112 4 255 10 20
67062.1 67052 1113 4 255 10 20
67064.7 67060 1114 4 255 10 20
67093.1 67091.3 1115 4 255 10 20
67232.6 67231.4 1116 4 255 10 20
67369.6 67368.6 1118 4 255 10 20
69114.7 69113.5 1143 4 255 10 20
70219.3 70217.4 1165 4 255 10 20
74230.3 74228.9 1233 4 255 10 20
74529.9 74526.3 1242 4 255 5 100
74586.1 74584.6 1244 4 255 10 20
76543.5 76541.8 1275 4 255 10 20
77821.3 77819.4 1299 4 255 10 20
77824.6 77823 1300 4 255 10 20
79538.6 79536.8 1332 4 255 10 20
81685.3 81683.7 1368 4 255 10 20
82478.6 82475.7 1376 4 255 5 100
84388.7 84386.8 1405 4 255 10 20
84822 84820.8 1413 4 255 10 20
84850.1 84848.6 1415 4 255 10 20
84898.4 84897.4 1416 4 255 10 20
85144.7 85142.4 1418 4 255 5 100
86959 86954.9 1438 4 255 5 100
87116.6 87115.1 1441 4 255 10 20
88146.6 88143.5 1451 4 255 10 20
88215.5 88213.9 1453 4 255 10 20
88348.9 88347 1457 4 255 10 20
89240.7 89238.8 1474 4 255 10 20
89331.1 89329.6 1476 4 255 10 20
90045.9 90042.5 1492 4 255 10 20
90345.6 90343.6 1498 4 255 10 20
91704.5 91699.2 1522 4 255 5 100
93738.6 93737.1 1557 4 255 10 20
94984.9 94982.8 1576 4 255 10 20
94988.5 94987.1 1577 4 255 10 20
95058.3 95056.8 1579 4 255 10 20
95941.4 95939.7 1595 4 255 10 20
96468.5 96467 1603 4 255 10 20
97724 97722.7 1618 4 255 10 20
97841.9 97840.7 1619 4 255 10 20
97849.4 97848.2 1620 4 255 10 20
97906.5 97905.6 1621 4 255 10 20
97969.4 97968.5 1622 4 255 10 20
97998.5 97996.4 1623 4 255 10 20
98030.3 98029 1624 4 255 10 20
98169 98167.9 1625 4 255 10 20
98207.8 98206.5 1626 4 255 10 20
98230.3 98228.6 1627 4 255 10 20
98289.3 98288.1 1628 4 255 10 20
98395.8 98394.7 1629 4 255 10 20
99076.2 99074.2 1642 4 255 10 20
