188.678 187.337 5 1 255 10 20
485.135 483.437 9 1 255 10 20
710.481 706.877 16 1 255 10 20
939.643 938.041 23 1 255 10 20
1216.21 1214.21 30 1 255 10 20
1851.11 1848.78 36 1 255 5 100
3190.37 3188.15 60 1 255 5 100
7446 7443.56 133 1 255 10 20
8887.49 8885.76 162 1 255 10 20
9255.93 9254.4 168 1 255 10 20
9472.86 9471.32 172 1 255 10 20
9613.46 9612.2 175 1 255 10 20
9627.99 9626.53 176 1 255 10 20
9634.16 9632.9 177 1 255 10 20
9688.55 9687.25 178 1 255 10 20
9750.73 9749.23 179 1 255 10 20
9862.54 9861.16 180 1 255 10 20
9891.55 9889.89 181 1 255 10 20
9904.85 9903.5 182 1 255 10 20
9954.32 9952.74 183 1 255 10 20
9970.66 9969.52 184 1 255 10 20
10024.4 10023.1 185 1 255 10 20
10074 10072.7 186 1 255 10 20
10228 10225.6 188 1 255 5 100
10238.7 10236.4 189 1 255 5 100
10339.3 10335 190 1 255 5 100
10448.8 10446.4 191 1 255 5 100
10563 10560.7 192 1 255 5 100
10587.6 10585.3 193 1 255 5 100
10592.1 10585.9 194 1 255 5 100
10599.1 10595.9 195 1 255 5 100
10606.3 10604.2 196 1 255 5 100
10655 10652.1 197 1 255 5 100
10898.5 10896.5 200 1 255 5 100
11080.3 11079.3 203 1 255 10 20
11085.2 11084 204 1 255 10 20
11271.3 11270.3 205 1 255 10 20
11276.6 11275.1 206 1 255 8 32
11334 11333.1 207 1 255 10 20
11362 11360.6 208 1 255 8 32
11409.6 11408.6 209 1 255 10 20
11459.2 11458 210 1 255 10 20
11497.2 11495.8 211 1 255 8 32
11542.8 11541.9 212 1 255 10 20
11707.3 11706.4 213 1 255 10 20
11732.8 11730.6 214 1 255 5 100
11759.4 11758.3 215 1 255 10 20
11786.7 11785 216 1 255 10 20
11848.7 11847.5 217 1 255 10 20
11852.4 11851.3 218 1 255 10 20
12068.5 12067.6 220 1 255 10 20
12144.4 12143.5 221 1 255 10 20
12223.5 12222.5 222 1 255 10 20
12320.1 12319.4 223 1 255 10 20
12366.5 12365.6 224 1 255 10 20
12396.2 12394.5 225 1 255 5 100
12414.5 12413.8 226 1 255 10 20
12569.1 12568.2 227 1 255 10 20
12571 12570.2 228 1 255 10 20
12662.9 12661.8 230 1 255 10 20
12850.2 12849.1 232 1 255 10 20
12973.2 12972.5 233 1 255 10 20
13116.5 13114.1 234 1 255 10 20
13136.4 13135.6 235 1 255 10 20
13142.2 13141.5 236 1 255 10 20
13166.9 13164.8 237 1 255 5 100
13327.3 13326.5 239 1 255 10 20
13381.7 13380.6 240 1 255 10 20
13469 13468 241 1 255 10 20
13524.6 13523.3 242 1 255 10 20
13562.5 13561.5 243 1 255 10 20
13573.3 13572 244 1 255 10 20
13636.7 13635.5 245 1 255 10 20
13646.5 13645.5 246 1 255 10 20
13765.9 13764.7 247 1 255 10 20
13840.7 13839.6 248 1 255 10 20
13878.8 13876.7 249 1 255 5 100
13901.6 13900.3 250 1 255 10 20
13907.2 13906.1 251 1 255 10 20
13941 13939.9 252 1 255 10 20
14028.8 14026.1 253 1 255 10 20
14073.3 14072 254 1 255 10 20
14169.5 14168.2 255 1 255 10 20
14459.2 14456 260 1 255 10 20
14971.5 14970.5 266 1 255 10 20
18414.2 18412 304 1 255 10 20
21439.6 21437.4 370 1 255 10 20
23452.5 23451.1 407 1 255 10 20
24484.1 24482.7 427 1 255 10 20
24967.3 24965.8 438 1 255 10 20
24987.3 24985.8 439 1 255 10 20
25013.5 25012 440 1 255 10 20
25023.4 25022.3 441 1 255 10 20
25173.3 25171.9 442 1 255 10 20
25268.7 25267.2 443 1 255 10 20
25317.4 25316 445 1 255 10 20
25469.6 25468.2 446 1 255 10 20
25471.7 25468.4 447 1 255 10 20
25511.4 25510.1 448 1 255 10 20
25543.1 25542.1 449 1 255 10 20
25798.1 25797.2 450 1 255 10 20
25858.5 25857.4 451 1 255 10 20
26016.6 26015.6 452 1 255 10 20
26057.6 26056.6 453 1 255 10 20
26156.7 26154.8 454 1 255 10 20
26178.2 26177 455 1 255 10 20
26191.4 26190.4 456 1 255 10 20
26233.3 26232.1 457 1 255 10 20
26270.6 26268.2 460 1 255 5 100
26281.4 26279.2 461 1 255 5 100
26297.3 26295.4 462 1 255 5 100
26471.3 26469.3 463 1 255 5 100
26512.3 26510.3 464 1 255 5 100
26560.5 26558.5 466 1 255 5 100
26582.5 26580.2 468 1 255 5 100
28534.7 28533.3 504 1 255 10 20
29298.2 29295.8 516 1 255 10 20
30855.6 30853.5 547 1 255 10 20
31675.9 31674.5 566 1 255 10 20
33720.3 33718.6 592 1 255 10 20
33819.4 33814.9 595 1 255 10 20
34368 34365.5 599 1 255 10 20
34694.2 34692.5 606 1 255 10 20
34927.3 34925.2 614 1 255 10 20
35297.5 35295.9 619 1 255 10 20
35756.6 35753.5 624 1 255 10 20
35828.9 35827.4 625 1 255 10 20
35921.9 35916.9 626 1 255 10 20
36181.2 36179.3 630 1 255 10 20
36512 36510.2 633 1 255 10 20
36899.9 36897.5 643 1 255 10 20
37415.9 37414.1 656 1 255 10 20
40798.9 40795.8 701 1 255 10 20
42956.7 42955 735 1 255 10 20
43552 43549.1 744 1 255 10 20
45341.8 45340.7 776 1 255 10 20
45350.5 45349.1 777 1 255 10 20
45356.4 45355 778 1 255 10 20
45367.9 45366.7 779 1 255 10 20
45369.4 45366.9 780 1 255 10 20
45378.2 45377.2 781 1 255 10 20
47033.4 47031.9 805 1 255 10 20
48269.9 48268.4 832 1 255 10 20
48442.1 48440.3 835 1 255 10 20
49432.6 49431.2 853 1 255 10 20
50192.9 50191.4 868 1 255 10 20
50364.4 50362.6 869 1 255 10 20
50783.7 50781.8 875 1 255 10 20
52892.8 52891.6 905 1 255 10 20
53581.7 53579.9 921 1 255 10 20
53597.5 53596 922 1 255 10 20
55857.2 55855.1 966 1 255 10 20
55983.7 55982.2 970 1 255 10 20
56932.6 56931 990 1 255 10 20
56966.1 56965.2 991 1 255 10 20
57013.1 57012.1 992 1 255 10 20
57033.6 57032.4 993 1 255 10 20
57108.2 57107.3 994 1 255 10 20
57247 57246.1 995 1 255 10 20
57314.3 57313.3 996 1 255 10 20
57316.3 57314.7 997 1 255 10 20
57320 57319.1 998 1 255 10 20
57431.4 57430.5 999 1 255 10 20
57443.1 57442.2 1000 1 255 10 20
57453.8 57452.3 1001 1 255 10 20
57586.7 57584.9 1003 1 255 5 100
57607 57605.1 1004 1 255 5 100
57729.3 57727.4 1005 1 255 5 100
57759.8 57757.8 1006 1 255 5 100
57787 57785.1 1007 1 255 5 100
58830.8 58828 1028 1 255 5 100
59752.7 59747.6 1043 1 255 10 20
60137.1 60135.3 1048 1 255 10 20
62460 62458.3 1088 1 255 10 20
62522.8 62520.2 1090 1 255 5 100
62534.3 62525.6 1092 1 255 5 100
62658.5 62657.1 1094 1 255 10 20
63136.8 63135.4 1101 1 255 10 20
65848.6 65846.2 1146 1 255 5 100
66288.4 66285.2 1152 1 255 5 100
67425.1 67423.9 1171 1 255 10 20
67544.4 67540.8 1174 1 255 5 100
67662.8 67659.9 1177 1 255 5 100
68380 68379 1189 1 255 10 20
69097.6 69096.7 1205 1 255 10 20
69262.9 69262.1 1206 1 255 10 20
69367.6 69365.9 1210 1 255 10 20
69378.7 69377.9 1211 1 255 10 20
69392.2 69391 1212 1 255 10 20
69545.5 69544.5 1214 1 255 10 20
69688.7 69688.1 1215 1 255 10 20
69696.1 69695.2 1216 1 255 10 20
69810.5 69809.4 1217 1 255 10 20
69847.7 69845.8 1219 1 255 5 100
69893.6 69891.5 1220 1 255 5 100
69907.5 69904.7 1221 1 255 5 100
69963.1 69961 1222 1 255 5 100
70049.9 70046.7 1223 1 255 5 100
70296.7 70294.8 1225 1 255 5 100
70327.4 70325.4 1226 1 255 5 100
70453.7 70452 1227 1 255 5 100
70465.4 70463.6 1228 1 255 5 100
70487.7 70483.8 1230 1 255 5 100
70497.2 70495 1231 1 255 5 100
70507.4 70505.5 1232 1 255 5 100
70556.6 70554.9 1233 1 255 5 100
70573 70571.2 1234 1 255 5 100
70686.9 70685.1 1235 1 255 5 100
70701.8 70699.8 1236 1 255 5 100
70712.1 70710.1 1237 1 255 5 100
70726.6 70724.1 1238 1 255 5 100
70772.1 70770.2 1239 1 255 5 100
70812.6 70810.8 1240 1 255 5 100
70867.7 70865.6 1241 1 255 5 100
70969.3 70967.4 1242 1 255 5 100
71081.5 71079.5 1244 1 255 5 100
71172.7 71170.5 1245 1 255 5 100
71222.1 71220.1 1246 1 255 5 100
71305.5 71303.1 1247 1 255 5 100
71367.5 71365.1 1248 1 255 5 100
71505.8 71503.5 1249 1 255 5 100
71697.5 71695.4 1250 1 255 5 100
71710.6 71708.1 1251 1 255 5 100
71788.1 71785.6 1252 1 255 5 100
71829.6 71827.3 1253 1 255 5 100
72166.6 72164.5 1258 1 255 5 100
72420.1 72418 1261 1 255 5 100
73255.5 73252.8 1277 1 255 10 20
73708.7 73705.9 1288 1 255 10 20
74239.3 74237.4 1297 1 255 10 20
74259.7 74256.7 1298 1 255 10 20
75494.1 75492.6 1318 1 255 10 20
75665.6 75662 1321 1 255 10 20
79727.3 79725.8 1372 1 255 10 20
79825.1 79823.7 1374 1 255 10 20
80007 80005.5 1378 1 255 10 20
80982.2 80980.7 1393 1 255 10 20
81896.7 81894 1408 1 255 5 100
83275.1 83274 1432 1 255 10 20
83484.3 83482.2 1435 1 255 5 100
83548.1 83546 1436 1 255 5 100
83595 83593.2 1437 1 255 5 100
83656.3 83654.2 1438 1 255 5 100
83675.4 83673.5 1439 1 255 5 100
83826.7 83824.8 1441 1 255 5 100
84146.7 84144.9 1442 1 255 5 100
84161.3 84159.4 1443 1 255 5 100
84306.2 84304.3 1445 1 255 5 100
84320.3 84307.9 1446 1 255 5 100
84347.6 84345.6 1447 1 255 5 100
84509.7 84508.6 1449 1 255 10 20
84577.8 84576.8 1450 1 255 10 20
84627.6 84626.3 1451 1 255 10 20
84682.4 84681.4 1452 1 255 10 20
84771.9 84770.2 1454 1 255 10 20
84946.4 84945 1455 1 255 10 20
85076.6 85075.3 1456 1 255 10 20
85096.3 85095.4 1458 1 255 10 20
85149.3 85148.2 1459 1 255 10 20
85264 85262.9 1460 1 255 10 20
85274.7 85273.8 1461 1 255 10 20
85515.4 85514.2 1462 1 255 10 20
85553.3 85552.4 1463 1 255 10 20
85663.3 85661.9 1465 1 255 10 20
85699.3 85698 1466 1 255 10 20
85724.5 85723.2 1467 1 255 10 20
85750.8 85749.4 1468 1 255 10 20
85809.8 85808.6 1469 1 255 10 20
85829.5 85828.1 1470 1 255 10 20
85969.7 85968.3 1471 1 255 10 20
86035.5 86033.7 1472 1 255 10 20
86160.3 86157.8 1474 1 255 5 100
86227.3 86225.1 1475 1 255 5 100
86246 86243.4 1476 1 255 5 100
86301.5 86299 1477 1 255 5 100
86319.6 86316.3 1478 1 255 5 100
86383.5 86382.3 1480 1 255 10 20
86437.5 86434.9 1481 1 255 10 20
86468.3 86467 1482 1 255 10 20
86531.1 86529.5 1483 1 255 10 20
86557.5 86555.2 1484 1 255 10 20
86759.5 86758 1488 1 255 10 20
86800.2 86798.7 1490 1 255 10 20
87735 87733.6 1510 1 255 10 20
89338.6 89336.6 1531 1 255 10 20
92336.2 92334.4 1583 1 255 10 20
92909.6 92908.1 1595 1 255 10 20
92975.6 92973.2 1596 1 255 10 20
96365.7 96362.6 1647 1 255 5 100
97412.7 97411.9 1669 1 255 10 20
97716.9 97715.7 1673 1 255 10 20
97829 97827.7 1674 1 255 10 20
98034.5 98032.6 1676 1 255 5 100
98091.3 98089.3 1677 1 255 5 100
98187.3 98185 1678 1 255 5 100
98266.8 98265 1679 1 255 5 100
98293.4 98290.9 1680 1 255 5 100
98303.7 98301.6 1681 1 255 5 100
98323.9 98321.9 1682 1 255 5 100
98390.6 98388.5 1683 1 255 5 100
98480.6 98478.4 1684 1 255 5 100
98493.9 98492 1685 1 255 5 100
98531.8 98529.7 1686 1 255 5 100
98566.9 98564.9 1687 1 255 5 100
98715.4 98713.6 1689 1 255 5 100
98729.9 98727.9 1690 1 255 5 100
98810.9 98809 1692 1 255 5 100
98824.6 98809.3 1693 1 255 5 100
98848.4 98846.1 1694 1 255 5 100
98924.3 98922 1695 1 255 5 100
99113.6 99111.3 1696 1 255 5 100
99134.2 99132 1697 1 255 5 100
99156.5 99154.3 1698 1 255 5 100
99289.2 99287.2 1699 1 255 5 100
99304 99302.1 1700 1 255 5 100
99339.8 99337.8 1701 1 255 5 100
99370.9 99368.8 1702 1 255 5 100
