48.7131 46.4168 1 4 255 5 100
168.145 166.946 2 4 255 10 20
173.221 171.747 3 4 255 10 20
284.989 282.491 6 4 255 10 20
326.851 325.462 8 4 255 10 20
5731.31 5729.81 114 4 255 10 20
6078.82 6077.26 120 4 255 10 20
6865.47 6862.91 128 4 255 5 100
6948.49 6945.96 130 4 255 5 100
7222.1 7219.92 131 4 255 5 100
7227.91 7224.69 132 4 255 5 100
7276.41 7274.02 133 4 255 5 100
7379.1 7376.6 134 4 255 5 100
7521.85 7519.61 135 4 255 5 100
7674.65 7672.48 137 4 255 5 100
7698.52 7696.23 138 4 255 5 100
7954.23 7952.65 140 4 255 10 20
8025.5 8024.2 142 4 255 10 20
8030.57 8029.33 143 4 255 10 20
8161.2 8160.01 144 4 255 10 20
8297.01 8295.76 146 4 255 10 20
8388.62 8387.54 147 4 255 10 20
8511.26 8509.87 148 4 255 10 20
8562.46 8560.87 149 4 255 10 20
8588.92 8587.98 150 4 255 10 20
8762.84 8760.51 152 4 255 5 100
8784.85 8782.8 153 4 255 5 100
8820.65 8818.26 154 4 255 5 100
8827.73 8825.37 155 4 255 5 100
8867.63 8865.68 156 4 255 5 100
9145.24 9142.91 157 4 255 5 100
9196.03 9194.18 158 4 255 5 100
9213.79 9211.73 159 4 255 5 100
9228.2 9226.25 160 4 255 5 100
9294.99 9292.72 161 4 255 5 100
9445.09 9443.24 163 4 255 5 100
9536.24 9534.25 164 4 255 5 100
9554.07 9552.03 165 4 255 5 100
9696.72 9695.54 167 4 255 10 20
9771.29 9770.25 168 4 255 8 32
9787.74 9786.92 169 4 255 10 20
10039 10037 171 4 255 10 20
10260.7 10259.1 172 4 255 8 32
10294.9 10292.9 173 4 255 5 100
10378.4 10376.3 174 4 255 5 100
10472.9 10472.1 175 4 255 10 20
10632.2 10631 176 4 255 10 20
10656.5 10655 177 4 255 10 20
10695.6 10694.8 178 4 255 10 20
10787 10785.9 179 4 255 10 20
10819 10817.9 180 4 255 10 20
10911.3 10910.1 181 4 255 10 20
11040.5 11039.2 182 4 255 10 20
11120.2 11119 183 4 255 10 20
11214.5 11212.2 184 4 255 5 100
11219.5 11217.7 185 4 255 5 100
11288 11287 186 4 255 10 20
11305.1 11304.2 187 4 255 10 20
11378.6 11377.6 188 4 255 10 20
11418.7 11417.4 189 4 255 10 20
11470.7 11469.6 190 4 255 10 20
11548.5 11547.7 191 4 255 10 20
11723.9 11723.1 192 4 255 10 20
11883 11881.8 193 4 255 10 20
11919.2 11916.9 194 4 255 5 100
12023.3 12022.5 195 4 255 10 20
12055 12054.1 196 4 255 10 20
12147.9 12146.9 197 4 255 10 20
12283.8 12282.7 198 4 255 10 20
12297.6 12296.5 199 4 255 10 20
12309.1 12308.3 200 4 255 10 20
12380.5 12379.5 201 4 255 10 20
12538.2 12537 202 4 255 10 20
12561.8 12559.5 203 4 255 5 100
12605.9 12604 204 4 255 5 100
12693.6 12691.5 205 4 255 5 100
12805.7 12804.6 206 4 255 10 20
12815.2 12813.8 207 4 255 10 20
12876.4 12874.9 208 4 255 10 20
12892.7 12891.3 209 4 255 10 20
12901.2 12900.1 210 4 255 10 20
12917.2 12916 211 4 255 10 20
13066.5 13065.4 212 4 255 10 20
13136.6 13135.6 213 4 255 10 20
13201 13199.7 214 4 255 10 20
13445.9 13444.7 215 4 255 10 20
13492.4 13490.2 216 4 255 5 100
13529.7 13527.4 217 4 255 5 100
13544.8 13543.4 218 4 255 10 20
13561 13559.9 219 4 255 10 20
13615 13611.9 220 4 255 10 20
13686.4 13685.1 221 4 255 10 20
14356.3 14354.7 230 4 255 10 20
14863.1 14859.8 242 4 255 5 100
20368.8 20357.6 331 4 255 10 20
20435.2 20433.6 332 4 255 10 20
20442.3 20440.8 333 4 255 10 20
20467.3 20466.1 334 4 255 10 20
20556.1 20554.8 335 4 255 10 20
20637.6 20636.3 337 4 255 10 20
20673.1 20671.5 338 4 255 10 20
20692.6 20684.3 339 4 255 10 20
20760.4 20758.8 340 4 255 10 20
20791 20789.7 342 4 255 10 20
20830.4 20829.3 343 4 255 10 20
20900.8 20899.4 344 4 255 10 20
21041 21039.7 345 4 255 10 20
21086.9 21084.2 346 4 255 10 20
21094.6 21093.1 347 4 255 10 20
21153.1 21151.8 348 4 255 10 20
21230.5 21228.3 349 4 255 5 100
21254.3 21252.1 350 4 255 5 100
21428.5 21427.4 351 4 255 10 20
21564.8 21563.8 352 4 255 10 20
21602.3 21600.8 353 4 255 10 20
21620.9 21612.1 354 4 255 10 20
21628.1 21627.1 356 4 255 10 20
21662.8 21661.7 357 4 255 10 20
21693.7 21692.6 358 4 255 10 20
21725.3 21724.2 360 4 255 10 20
21728.3 21727.2 361 4 255 10 20
21768.8 21767.4 362 4 255 10 20
21795.9 21786.3 363 4 255 10 20
21844.6 21843.6 364 4 255 10 20
21855.5 21854.5 365 4 255 10 20
21974.2 21971.9 366 4 255 5 100
22058.1 22055.8 369 4 255 5 100
22154.7 22153.5 371 4 255 10 20
22338 22336.8 372 4 255 10 20
22517.7 22516.7 374 4 255 10 20
22529.2 22527.9 375 4 255 10 20
22637.4 22636.1 376 4 255 10 20
22702.8 22701.5 377 4 255 10 20
22965 22962.8 379 4 255 5 100
23040.5 23039.5 380 4 255 10 20
23174.9 23174 381 4 255 10 20
23210.5 23209.5 382 4 255 10 20
23216.1 23215.3 383 4 255 10 20
23345.4 23344.4 384 4 255 10 20
23382.2 23381.4 385 4 255 10 20
23430.7 23429.5 386 4 255 10 20
23506.4 23505.4 387 4 255 10 20
23594.2 23591.9 388 4 255 10 20
23643.1 23641.1 389 4 255 5 100
23742 23740.2 390 4 255 5 100
23801.7 23794.8 391 4 255 10 20
23839.4 23838.1 392 4 255 10 20
23973.4 23972.3 393 4 255 10 20
24106.6 24105.5 394 4 255 10 20
24113.7 24112.7 395 4 255 10 20
24160.5 24159.7 396 4 255 10 20
24217.8 24216.6 397 4 255 10 20
24251.4 24250.5 399 4 255 10 20
24267 24266.1 400 4 255 10 20
24279.6 24278.7 401 4 255 10 20
24371.9 24371 402 4 255 10 20
24402.8 24400.6 403 4 255 5 100
24427 24425.8 404 4 255 10 20
24681.1 24679.9 405 4 255 10 20
24729.4 24728.6 407 4 255 10 20
24892.7 24891 408 4 255 10 20
24995.1 24994 409 4 255 10 20
25046.3 25045.4 410 4 255 10 20
25119.6 25117.8 411 4 255 5 100
25160.1 25158.8 412 4 255 10 20
25164.9 25163.8 413 4 255 10 20
25202.2 25201.4 414 4 255 10 20
25628.2 25627.1 417 4 255 10 20
25630.5 25628.3 418 4 255 10 20
25642.9 25641.9 419 4 255 10 20
25652.8 25651.5 420 4 255 10 20
25684 25682.7 421 4 255 10 20
25835 25833.9 422 4 255 10 20
25898.2 25897.3 423 4 255 10 20
25986 25983.8 424 4 255 5 100
25995.1 25984.5 425 4 255 5 100
26000.9 25997.2 426 4 255 5 100
26071.3 26070.2 427 4 255 10 20
26224 26222.8 428 4 255 10 20
26267.7 26266.6 429 4 255 10 20
28376.7 28374.5 462 4 255 10 20
33202.6 33201.5 545 4 255 10 20
33274.4 33267 546 4 255 10 20
33368.1 33366.9 547 4 255 10 20
33374.7 33373.3 548 4 255 10 20
33447.8 33445.4 550 4 255 5 100
33471.8 33469.8 551 4 255 5 100
33573.1 33571.1 552 4 255 5 100
33646.9 33645.8 554 4 255 10 20
33718.5 33717.2 555 4 255 10 20
33778.5 33777.1 556 4 255 10 20
33811.5 33810.3 558 4 255 10 20
33814.8 33813.4 559 4 255 10 20
33841 33839.5 560 4 255 10 20
33956.8 33953.3 561 4 255 10 20
33972.1 33970.9 562 4 255 10 20
34037 34035.8 563 4 255 10 20
34079.3 34077.7 564 4 255 8 32
34088.1 34085.5 565 4 255 10 20
34250.6 34249.2 567 4 255 10 20
34294.2 34291.7 569 4 255 5 100
34367.2 34365.5 570 4 255 10 20
34529.7 34520.3 571 4 255 10 20
34681.3 34680.1 573 4 255 10 20
34736.6 34735 574 4 255 10 20
34807 34805.7 575 4 255 10 20
34846.1 34844.9 576 4 255 10 20
34870.5 34869.3 577 4 255 10 20
34908.9 34907.4 578 4 255 10 20
34926 34923.8 579 4 255 5 100
35009.1 35006.5 580 4 255 5 100
35014.3 35012.3 581 4 255 5 100
35105 35103.5 582 4 255 10 20
35243.9 35242.8 584 4 255 10 20
35361.6 35360.5 586 4 255 10 20
35406.8 35405.4 587 4 255 10 20
35468.1 35466.9 588 4 255 10 20
35489.8 35488.7 589 4 255 10 20
35564.6 35563.5 590 4 255 10 20
35598.2 35597 591 4 255 10 20
35723.6 35722.6 592 4 255 10 20
35746.5 35744.2 593 4 255 5 100
35774.3 35773.3 594 4 255 10 20
35849.9 35848.8 595 4 255 10 20
35916.7 35915.5 597 4 255 10 20
35944.4 35943.2 599 4 255 10 20
35958.7 35950.9 600 4 255 10 20
35961.7 35960.7 601 4 255 10 20
36153 36152.1 602 4 255 10 20
36241.6 36240.2 603 4 255 10 20
36422.9 36422.2 604 4 255 10 20
36456.7 36455.5 606 4 255 10 20
36521.2 36518.8 607 4 255 5 100
36584.6 36583.1 608 4 255 10 20
36632.7 36631.9 609 4 255 10 20
36750.5 36749.6 610 4 255 10 20
36897.5 36896.5 611 4 255 10 20
37005.2 37003.8 612 4 255 10 20
37134.1 37132.8 613 4 255 10 20
37145.3 37142.1 614 4 255 5 100
37225.9 37224.8 615 4 255 10 20
37364.5 37363.3 616 4 255 10 20
37407.4 37406.5 617 4 255 10 20
37415.5 37414.6 618 4 255 10 20
37690.9 37690 619 4 255 10 20
37707.5 37706.4 620 4 255 10 20
37752.6 37751.5 621 4 255 10 20
37781.9 37780.1 622 4 255 5 100
37906.9 37905 623 4 255 10 20
38009.7 38008.9 625 4 255 10 20
38054.4 38053.3 626 4 255 10 20
38095.8 38095.2 627 4 255 10 20
38098.7 38097.7 628 4 255 10 20
38157.4 38156.5 629 4 255 10 20
38167.9 38166.8 630 4 255 10 20
38176.2 38175.1 631 4 255 10 20
38315.1 38314.3 632 4 255 10 20
38331.3 38329.9 633 4 255 10 20
38362.1 38361.3 634 4 255 10 20
38374.2 38373.4 635 4 255 10 20
38392.3 38391.2 636 4 255 10 20
38492.1 38490.2 637 4 255 5 100
38591.1 38590.1 638 4 255 10 20
38666.6 38665.9 639 4 255 10 20
38679 38676.9 640 4 255 10 20
38681.1 38680.2 641 4 255 10 20
38698.4 38697.6 642 4 255 10 20
38739.7 38738.8 643 4 255 10 20
38771.7 38770.9 644 4 255 10 20
38792.7 38791.8 645 4 255 10 20
38821.1 38820.3 646 4 255 10 20
38861.4 38860.3 647 4 255 10 20
38897.3 38896.4 648 4 255 10 20
38932.7 38931.7 649 4 255 10 20
38935.9 38935 650 4 255 10 20
38945.8 38944.6 651 4 255 10 20
38948.4 38947.4 652 4 255 10 20
38964.6 38963.3 653 4 255 10 20
39008.9 39007.8 654 4 255 10 20
39071.6 39067.9 655 4 255 10 20
39103.5 39102.5 656 4 255 10 20
39181.4 39179.4 657 4 255 5 100
42606.7 42600.4 709 4 255 10 20
42881.1 42878.7 716 4 255 10 20
42903 42897.9 717 4 255 10 20
43006.4 43004.5 719 4 255 10 20
44141 44138.4 742 4 255 5 100
44624.2 44622.8 748 4 255 10 20
46674 46671.9 770 4 255 5 100
46726.7 46724.5 771 4 255 5 100
46772.7 46769.5 773 4 255 5 100
46775.6 46770.7 774 4 255 5 100
46810.3 46808 776 4 255 5 100
46829.5 46827.6 777 4 255 5 100
46871.3 46870.2 779 4 255 10 20
46915.9 46914.8 780 4 255 10 20
47106.8 47105.5 783 4 255 10 20
47172.1 47170.8 784 4 255 10 20
47298.3 47296.9 786 4 255 10 20
47471.9 47470.5 788 4 255 10 20
47500.1 47497.8 789 4 255 5 100
47534.5 47532.6 790 4 255 5 100
47549.5 47548.4 791 4 255 10 20
47657.7 47656.6 792 4 255 10 20
47694.9 47694 793 4 255 10 20
47707.2 47706.1 794 4 255 10 20
47757 47755.7 795 4 255 10 20
47865.7 47864.7 796 4 255 10 20
47916.5 47915.4 798 4 255 10 20
47936 47935 799 4 255 10 20
48014.4 48013 800 4 255 10 20
48149.8 48148.8 801 4 255 10 20
48316.7 48314.3 803 4 255 5 100
48367.5 48366.1 804 4 255 10 20
48418.4 48417.2 806 4 255 10 20
48420 48417.7 807 4 255 10 20
48423.9 48422.8 808 4 255 10 20
48478.9 48477.8 809 4 255 10 20
48583.4 48582.3 810 4 255 10 20
48599.2 48597.8 811 4 255 10 20
48610.3 48608.9 812 4 255 10 20
48632.6 48631.5 813 4 255 10 20
48681.4 48680.1 814 4 255 10 20
48699.6 48698.3 815 4 255 10 20
48723.7 48722.5 816 4 255 10 20
48733.7 48732.4 818 4 255 10 20
48832.4 48830.7 819 4 255 10 20
48871.9 48870.5 820 4 255 10 20
48932.1 48931.2 821 4 255 10 20
49033.4 49031.4 822 4 255 5 100
49057.6 49055.2 823 4 255 5 100
49073.2 49072 824 4 255 10 20
49321.6 49317.9 825 4 255 10 20
49453.7 49452.6 826 4 255 10 20
49486.6 49485.3 827 4 255 10 20
49536.9 49535.2 829 4 255 10 20
49613.2 49611.9 830 4 255 10 20
49673.4 49671.9 831 4 255 10 20
49721.2 49718.6 832 4 255 5 100
49768.9 49767.5 833 4 255 10 20
49981.7 49978.2 835 4 255 10 20
49982.8 49979.9 836 4 255 10 20
50045.8 50044.7 837 4 255 10 20
50374.3 50372.9 838 4 255 10 20
50386.3 50384.3 839 4 255 5 100
50513.7 50512.4 840 4 255 10 20
50520.6 50519.1 841 4 255 10 20
50538.8 50537.4 842 4 255 10 20
50561.7 50560.5 843 4 255 10 20
50614.5 50608.8 845 4 255 10 20
50661.3 50660.4 846 4 255 10 20
50715 50713.9 847 4 255 10 20
50757.9 50756.5 848 4 255 10 20
50772.2 50771 849 4 255 10 20
50852.6 50851.6 850 4 255 10 20
50928.8 50927.8 851 4 255 10 20
51024.7 51023.5 852 4 255 10 20
51093.6 51091.5 853 4 255 5 100
51120.3 51119.2 854 4 255 10 20
51256 51255 855 4 255 10 20
51289.5 51288.3 856 4 255 10 20
51375.5 51374.5 857 4 255 10 20
51592.2 51590.8 858 4 255 10 20
51667.2 51666.1 859 4 255 10 20
51685.5 51684.3 860 4 255 10 20
51724.1 51722.8 861 4 255 10 20
51749.3 51747.5 862 4 255 5 100
51922.6 51921.6 864 4 255 10 20
51986.4 51985.3 865 4 255 10 20
52097.1 52095.3 868 4 255 10 20
52374.4 52373.2 869 4 255 10 20
52392.2 52389.9 870 4 255 5 100
52401.8 52398.9 871 4 255 5 100
52406.9 52399.9 872 4 255 5 100
52415.5 52414.4 873 4 255 10 20
52479.1 52478.2 874 4 255 10 20
52496.2 52495.1 875 4 255 10 20
52547.3 52546.3 876 4 255 10 20
52659.5 52658.2 879 4 255 10 20
52799.4 52798 880 4 255 10 20
52805.7 52804.6 881 4 255 10 20
52832.7 52831.5 882 4 255 10 20
52854.3 52853.4 883 4 255 10 20
52883.1 52881.8 884 4 255 10 20
53341.1 53339.2 887 4 255 10 20
55849.8 55847.7 924 4 255 10 20
56852.1 56850.3 943 4 255 10 20
57689.5 57687.9 951 4 255 10 20
59445.9 59444.5 976 4 255 10 20
59542.7 59541.4 977 4 255 10 20
59609.2 59607.9 978 4 255 10 20
59642.7 59641.3 979 4 255 10 20
59720.1 59718.7 980 4 255 10 20
59726 59724.8 981 4 255 10 20
59924.5 59923.4 982 4 255 10 20
59960.4 59959.4 983 4 255 10 20
59998.8 59997.5 984 4 255 10 20
60026.8 60023.8 985 4 255 10 20
60067.6 60066.4 986 4 255 10 20
60077 60075.8 987 4 255 10 20
60345.3 60344.3 989 4 255 10 20
60550.9 60549.7 990 4 255 10 20
60579.5 60577.3 991 4 255 5 100
60609.4 60608.4 992 4 255 10 20
60710.2 60709.3 993 4 255 10 20
60715.1 60713.9 994 4 255 10 20
60745 60743.9 995 4 255 10 20
60791.2 60790.4 996 4 255 10 20
60817.5 60816.4 997 4 255 10 20
60840.1 60839.2 998 4 255 10 20
60872.5 60871.8 999 4 255 10 20
60962.1 60960.3 1000 4 255 10 20
61034 61033 1001 4 255 10 20
61107.4 61106.2 1002 4 255 10 20
61115.6 61114.6 1003 4 255 10 20
61218.1 61217 1004 4 255 10 20
61235.7 61233.6 1005 4 255 5 100
61280.2 61279.3 1006 4 255 10 20
61411.1 61409.9 1007 4 255 10 20
61541.7 61540.7 1008 4 255 10 20
61543.1 61542.2 1009 4 255 10 20
61559 61558 1010 4 255 10 20
61586.7 61585.8 1011 4 255 10 20
61617.4 61616.4 1012 4 255 10 20
61711.9 61710.9 1013 4 255 10 20
61771.9 61771.2 1015 4 255 10 20
61817.1 61816.2 1016 4 255 10 20
61990.6 61989.7 1017 4 255 10 20
62009.3 62008.6 1018 4 255 10 20
62030.9 62029.1 1019 4 255 5 100
62060.4 62059.6 1020 4 255 10 20
62172.5 62171.5 1021 4 255 10 20
62250.2 62249.3 1022 4 255 10 20
62254.9 62253.5 1023 4 255 10 20
62336.6 62335.3 1024 4 255 10 20
62351.2 62350.3 1025 4 255 10 20
62427.8 62426.7 1027 4 255 10 20
62519.2 62518.2 1028 4 255 10 20
62587.9 62586.9 1029 4 255 10 20
62858.9 62857.2 1030 4 255 10 20
62873.5 62870.9 1032 4 255 5 100
62891.7 62889.9 1034 4 255 10 20
62895.2 62893.9 1035 4 255 8 32
62959.5 62958.4 1039 4 255 10 20
63017.3 63016.2 1040 4 255 8 32
63159.6 63158.4 1041 4 255 10 20
63298.5 63297 1042 4 255 8 32
63324 63322.1 1043 4 255 10 20
63400.2 63392.8 1044 4 255 10 20
63558.8 63557.5 1045 4 255 10 20
63636.9 63634.9 1046 4 255 5 100
63730.1 63727.9 1048 4 255 5 100
63869.9 63868.7 1049 4 255 10 20
63969.1 63966.3 1050 4 255 10 20
64048.1 64046.7 1052 4 255 10 20
64077.5 64075.5 1053 4 255 10 20
64094.1 64092.6 1054 4 255 10 20
64182.3 64181.1 1055 4 255 10 20
64193.7 64192.6 1056 4 255 10 20
64226.1 64224.8 1057 4 255 10 20
64252.4 64251.2 1058 4 255 10 20
64262.3 64260.8 1059 4 255 10 20
64347.3 64346 1060 4 255 10 20
64362.1 64360.8 1061 4 255 10 20
64369 64366.3 1062 4 255 5 100
64376.9 64367.5 1063 4 255 5 100
64491.7 64489.3 1064 4 255 5 100
64539.2 64536.8 1065 4 255 5 100
64680.8 64679.4 1066 4 255 10 20
64765.2 64763.6 1067 4 255 10 20
64782.7 64781.4 1068 4 255 10 20
64880.8 64879.5 1069 4 255 10 20
65021.4 65010.6 1070 4 255 10 20
65038.7 65037.4 1071 4 255 10 20
65105 65103.9 1072 4 255 10 20
65109.6 65108.4 1073 4 255 10 20
65131 65130 1074 4 255 10 20
65283.8 65282.3 1075 4 255 10 20
65292.8 65290.4 1076 4 255 5 100
65316 65315 1077 4 255 10 20
65459.9 65458.9 1078 4 255 10 20
65515.2 65514 1079 4 255 10 20
65547.5 65545.5 1080 4 255 10 20
65557.1 65555.5 1081 4 255 10 20
65561.3 65559.9 1082 4 255 10 20
65565.2 65563.9 1083 4 255 10 20
65600.3 65599 1084 4 255 10 20
65623.4 65622.4 1085 4 255 10 20
65633.7 65632.2 1086 4 255 10 20
65780.6 65779.2 1087 4 255 10 20
65842.4 65841.2 1088 4 255 10 20
65871.6 65870.2 1089 4 255 10 20
65915.1 65914 1090 4 255 10 20
65937.4 65935.3 1091 4 255 5 100
65957.7 65955.7 1092 4 255 10 20
66615.6 66610.4 1107 4 255 10 20
70608.6 70607 1172 4 255 10 20
70622.8 70621.2 1173 4 255 10 20
72049.2 72046.7 1201 4 255 10 20
72754.2 72753.1 1213 4 255 10 20
72901.4 72900.2 1214 4 255 10 20
72977 72975.6 1215 4 255 10 20
73223 73221.5 1216 4 255 10 20
73362.7 73361.4 1218 4 255 10 20
73449.1 73447.9 1219 4 255 10 20
73607 73605.8 1221 4 255 10 20
73646.7 73645.9 1222 4 255 10 20
73752.7 73751.5 1223 4 255 10 20
73850.8 73850 1224 4 255 10 20
73860.8 73859.9 1225 4 255 10 20
73883.9 73882.7 1226 4 255 10 20
73906.4 73904.3 1227 4 255 5 100
73974.4 73973.7 1228 4 255 10 20
74039.8 74038.5 1229 4 255 10 20
74063.8 74063.1 1230 4 255 10 20
74145.6 74144.5 1231 4 255 10 20
74186.9 74185.8 1232 4 255 10 20
74237.9 74230.4 1234 4 255 10 20
74277.8 74276.9 1235 4 255 10 20
74325.4 74324.1 1236 4 255 10 20
74334.4 74333.5 1237 4 255 10 20
74365.1 74364.2 1238 4 255 10 20
74429.8 74428.8 1239 4 255 10 20
74495 74494 1240 4 255 10 20
74508.4 74506.3 1241 4 255 10 20
74572.2 74570.2 1243 4 255 5 100
74769.5 74768.3 1245 4 255 10 20
74770.9 74768.4 1246 4 255 10 20
74865.3 74864.2 1247 4 255 10 20
74891.8 74890.6 1248 4 255 10 20
74984.3 74983.2 1249 4 255 10 20
75043.7 75042.5 1250 4 255 10 20
75208.8 75201.5 1251 4 255 10 20
75296.5 75294.4 1253 4 255 5 100
75399.1 75398.1 1254 4 255 10 20
75492.4 75491.2 1255 4 255 10 20
75503.9 75502.8 1256 4 255 10 20
75582.9 75581.6 1257 4 255 10 20
75685.7 75684.4 1258 4 255 10 20
75726.7 75725.1 1259 4 255 10 20
75772.1 75770.9 1260 4 255 10 20
75808.9 75807.7 1261 4 255 10 20
75877.5 75875.8 1262 4 255 10 20
76004.6 76003 1263 4 255 10 20
76136.2 76134 1264 4 255 5 100
76155.4 76153.1 1265 4 255 5 100
76188.9 76187.3 1266 4 255 10 20
76196 76194.7 1267 4 255 10 20
76244.4 76242.9 1268 4 255 10 20
76246.9 76245.7 1269 4 255 10 20
76252.7 76251.2 1270 4 255 10 20
76313.5 76312.3 1271 4 255 10 20
76458.2 76456.7 1273 4 255 10 20
76540.8 76539.5 1274 4 255 10 20
76548.4 76546.9 1276 4 255 10 20
76666.2 76664.7 1278 4 255 10 20
76677.6 76676 1279 4 255 10 20
76777.8 76776.4 1280 4 255 10 20
76813.8 76811.7 1281 4 255 5 100
76932.8 76930.4 1282 4 255 5 100
76951.9 76950.6 1283 4 255 10 20
76997.2 76996 1284 4 255 10 20
77042.2 77040.6 1285 4 255 10 20
77070.1 77069 1286 4 255 10 20
77078.3 77076.1 1287 4 255 10 20
77088.3 77087.3 1288 4 255 10 20
77098.4 77097.1 1289 4 255 10 20
77249.4 77248.3 1290 4 255 10 20
77261.3 77260.1 1291 4 255 10 20
77292.9 77291.8 1292 4 255 10 20
77370.8 77369.8 1293 4 255 10 20
77425.2 77424.1 1294 4 255 10 20
77463.9 77463 1295 4 255 10 20
77542.6 77541.5 1296 4 255 10 20
77645.4 77643.5 1297 4 255 5 100
77763.8 77762 1298 4 255 10 20
77870.9 77869.7 1301 4 255 10 20
77886.3 77885.5 1302 4 255 10 20
78147.5 78146.3 1303 4 255 10 20
78175.6 78174.7 1304 4 255 10 20
78233.5 78232.4 1305 4 255 10 20
78274.6 78273.6 1307 4 255 10 20
78373.7 78371.5 1308 4 255 5 100
78378.9 78376.8 1309 4 255 5 100
78416.6 78414.5 1310 4 255 5 100
78537.6 78536.3 1311 4 255 10 20
78733.1 78732 1312 4 255 10 20
78747.5 78746.1 1313 4 255 10 20
78832.2 78831 1316 4 255 10 20
78882.4 78881.4 1317 4 255 10 20
78898.8 78897.7 1318 4 255 10 20
79003 79001.8 1321 4 255 10 20
79996 79993.2 1341 4 255 5 100
83976 83970.8 1398 4 255 5 100
84178.9 84176.2 1402 4 255 5 100
85267.9 85265.2 1420 4 255 5 100
85284.3 85282 1421 4 255 5 100
85346.2 85344.3 1422 4 255 5 100
85373.3 85371.1 1423 4 255 5 100
85550.3 85548.3 1424 4 255 5 100
85565.8 85563.8 1425 4 255 5 100
85689.2 85687.3 1426 4 255 5 100
85924.4 85922.6 1427 4 255 5 100
85979.5 85977.2 1428 4 255 5 100
85981.7 85978.1 1429 4 255 5 100
86019.9 86017.9 1430 4 255 5 100
86024 86021.4 1431 4 255 5 100
86041.6 86038.6 1432 4 255 5 100
86191.4 86189.4 1433 4 255 5 100
86503.7 86501.7 1434 4 255 5 100
86659.5 86657.6 1435 4 255 5 100
86817.4 86815.1 1436 4 255 5 100
86822.3 86819.6 1437 4 255 5 100
87015.7 87013.5 1439 4 255 5 100
87060.7 87058.5 1440 4 255 5 100
87241.4 87240.2 1442 4 255 10 20
87328.8 87327.6 1443 4 255 10 20
87410 87408.5 1444 4 255 10 20
87441.3 87440.3 1445 4 255 10 20
87499.4 87498.4 1446 4 255 10 20
87692.9 87691.4 1447 4 255 10 20
87734.7 87733.4 1448 4 255 10 20
88085.3 88082.7 1449 4 255 5 100
88135 88133.5 1450 4 255 10 20
88294.2 88293 1454 4 255 10 20
88322 88320.7 1455 4 255 10 20
88346.8 88339.5 1456 4 255 10 20
88410.8 88409.3 1458 4 255 10 20
88423.8 88422.6 1459 4 255 10 20
88468.8 88467.5 1460 4 255 10 20
88556.4 88555 1461 4 255 10 20
88569.2 88567.6 1462 4 255 10 20
88580.4 88579 1463 4 255 10 20
88596 88594.5 1464 4 255 10 20
88635.9 88634.4 1465 4 255 10 20
88835.5 88834.1 1468 4 255 10 20
88923.1 88920.8 1470 4 255 5 100
89221.4 89220.1 1471 4 255 10 20
89232.5 89231.2 1472 4 255 10 20
89235.4 89233.9 1473 4 255 10 20
89311.8 89310.6 1475 4 255 10 20
89337 89335.8 1477 4 255 10 20
89385.3 89384.1 1478 4 255 10 20
89406 89405 1479 4 255 10 20
89415.3 89413.6 1480 4 255 10 20
89495.1 89493.9 1481 4 255 10 20
89513.7 89512.6 1482 4 255 10 20
89564 89562.8 1483 4 255 10 20
89567.9 89565.8 1484 4 255 5 100
89572.4 89569 1485 4 255 5 100
89583.1 89581.9 1486 4 255 10 20
89677 89676.1 1487 4 255 10 20
89727.9 89726.5 1488 4 255 10 20
89730.6 89729.7 1489 4 255 10 20
89829.3 89827.5 1490 4 255 10 20
89958.3 89957.2 1491 4 255 10 20
90165.7 90164.6 1493 4 255 10 20
90212.1 90210.8 1495 4 255 10 20
90223.2 90221.2 1496 4 255 5 100
90343.9 90342.9 1497 4 255 10 20
90346.2 90344.5 1499 4 255 10 20
90348.3 90346.5 1500 4 255 10 20
90373.9 90373 1501 4 255 10 20
90468.5 90467.2 1502 4 255 10 20
90564.9 90563.7 1503 4 255 10 20
90729 90728.2 1504 4 255 10 20
90744.6 90743.1 1505 4 255 10 20
90776.5 90774.9 1506 4 255 10 20
90787.1 90785.6 1507 4 255 10 20
90827.2 90825.9 1508 4 255 10 20
90861.3 90852.6 1509 4 255 5 100
90914.7 90909.6 1510 4 255 5 100
90949.3 90947 1512 4 255 5 100
91000.5 90999.4 1513 4 255 10 20
91028.3 91027.3 1514 4 255 10 20
91109.8 91108.3 1515 4 255 10 20
91160.7 91159.8 1516 4 255 10 20
91267.4 91266.3 1517 4 255 10 20
91379.4 91378.1 1518 4 255 10 20
91452.1 91451.2 1519 4 255 10 20
91584 91583 1520 4 255 10 20
91701.4 91699.1 1521 4 255 5 100
91756.2 91753.9 1523 4 255 5 100
91784.2 91782.7 1524 4 255 10 20
91823.9 91822.9 1525 4 255 10 20
91852.6 91851.5 1526 4 255 10 20
91893.4 91892 1527 4 255 10 20
91903.3 91902.2 1528 4 255 10 20
91909 91907.5 1529 4 255 10 20
93723.1 93721 1555 4 255 10 20
93873.1 93870.3 1560 4 255 5 100
94223.1 94221.3 1566 4 255 10 20
94443.1 94439.1 1568 4 255 8 32
98605.7 98601.1 1631 4 255 10 20
98692.3 98690.3 1632 4 255 10 20
98695.4 98694.1 1633 4 255 10 20
98762.8 98761.8 1634 4 255 10 20
98784.7 98783.4 1635 4 255 10 20
98797.3 98796 1636 4 255 10 20
98811.9 98810.8 1637 4 255 10 20
98858.4 98857.4 1638 4 255 10 20
98874.4 98873.5 1639 4 255 10 20
98950.8 98950 1640 4 255 10 20
99020.1 99018 1641 4 255 10 20
99153.9 99151.9 1643 4 255 10 20
99222 99221.2 1644 4 255 10 20
99255.5 99254.6 1645 4 255 10 20
99554.6 99553.7 1646 4 255 10 20
99562 99561.2 1647 4 255 10 20
99576.6 99575.4 1648 4 255 10 20
99579.2 99576 1649 4 255 10 20
99590.5 99589.3 1650 4 255 10 20
99656.3 99655.4 1651 4 255 10 20
99705.1 99703.1 1652 4 255 5 100
99736.8 99735.5 1653 4 255 10 20
99787.4 99786.3 1654 4 255 10 20
99859.1 99857.4 1655 4 255 10 20
