34.6287 32.2305 1 5 255 5 100
84.1303 82.7737 2 5 255 10 20
123.501 120.649 3 5 255 10 20
233.535 166.069 5 5 255 10 20
238.538 237.424 6 5 255 10 20
298.507 238.931 7 5 255 10 20
310.888 260.301 8 5 255 10 20
394.869 393.914 9 5 255 10 20
428.115 426.951 10 5 255 10 20
625.812 624.594 11 5 255 10 20
690.496 689.469 12 5 255 10 20
794.067 792.062 14 5 255 5 100
923.01 922.096 16 5 255 10 20
959.536 958.568 18 5 255 10 20
1045.85 1045.19 19 5 255 10 20
1070.96 1070.16 20 5 255 10 20
1199.28 1198.78 21 5 255 10 20
1213.71 1212.79 22 5 255 10 20
1271.42 1270.88 23 5 255 10 20
1282.53 1281.91 24 5 255 10 20
1313.97 1312.9 25 5 255 10 20
1351.72 1351.19 26 5 255 10 20
1354.31 1353.26 27 5 255 10 20
1391.62 1391.03 28 5 255 10 20
1490.3 1489.4 29 5 255 10 20
1520.11 1518.47 30 5 255 5 100
1619.34 1618.59 31 5 255 10 20
1633.24 1632.51 32 5 255 10 20
1640.67 1639.84 33 5 255 10 20
1656.33 1655.28 34 5 255 10 20
1717.51 1716.86 35 5 255 10 20
1749.22 1748.36 36 5 255 10 20
1873.83 1856.44 37 5 255 10 20
1888.96 1887.83 38 5 255 10 20
1975.01 1974.25 39 5 255 10 20
2052.56 2051.76 40 5 255 10 20
2501.73 2500.4 41 5 255 10 20
4482.76 4480.86 81 5 255 10 20
6081.81 6079.88 113 5 255 10 20
9253.14 9251.99 160 5 255 10 20
9312.43 9311.22 162 5 255 10 20
9452.1 9450.82 163 5 255 10 20
9561.49 9560.51 164 5 255 10 20
9620.42 9619.5 165 5 255 10 20
9746.61 9745.71 166 5 255 10 20
9921.46 9920.26 168 5 255 10 20
9932.7 9931.54 169 5 255 10 20
9961.1 9960.01 170 5 255 10 20
9965.05 9963.18 171 5 255 10 20
9999.37 9998.13 172 5 255 10 20
10059 10058 173 5 255 10 20
10141.3 10140 174 5 255 10 20
10196.7 10195.9 175 5 255 10 20
10198 10196.7 176 5 255 10 20
10201.1 10200.1 177 5 255 10 20
10209.8 10208 178 5 255 10 20
10249 10247.8 179 5 255 10 20
10257.5 10256.2 180 5 255 10 20
10479.1 10478.2 181 5 255 10 20
10483.2 10482.3 182 5 255 10 20
10497.6 10495.8 183 5 255 5 100
10530.5 10529.6 184 5 255 10 20
10551.9 10550.7 185 5 255 10 20
10570.8 10570.1 186 5 255 10 20
10596.2 10595.3 187 5 255 10 20
10746.2 10743.6 188 5 255 10 20
10806.9 10805.9 189 5 255 10 20
10856.1 10855.5 190 5 255 10 20
11013.7 11012.6 191 5 255 10 20
11057.9 11057 192 5 255 10 20
11063 11062 193 5 255 10 20
11165.2 11163.8 194 5 255 10 20
11225.4 11213.7 195 5 255 5 100
11285.9 11284.8 197 5 255 10 20
11356.6 11355.7 198 5 255 10 20
11376.2 11375.3 199 5 255 10 20
11513.5 11512.6 200 5 255 10 20
11524.6 11523.8 201 5 255 10 20
11546 11545.1 202 5 255 10 20
11597.8 11596.9 203 5 255 10 20
11810.2 11809.4 206 5 255 10 20
11823.7 11822.6 207 5 255 10 20
11938.7 11938 208 5 255 10 20
12000.5 11998.6 209 5 255 5 100
12078 12077.2 210 5 255 10 20
12165.9 12165 211 5 255 10 20
12194.4 12193.3 212 5 255 10 20
12227 12226 213 5 255 10 20
12349.4 12348.3 214 5 255 10 20
12484.8 12483.7 215 5 255 10 20
12530.7 12528.2 216 5 255 10 20
12534.3 12532.5 217 5 255 10 20
12747.1 12746.2 218 5 255 10 20
12789.6 12787.6 219 5 255 5 100
12849.6 12848.2 220 5 255 10 20
12922.9 12921.6 221 5 255 10 20
13057.1 13055.9 222 5 255 10 20
13072.6 13071.4 223 5 255 10 20
13231.9 13230.9 224 5 255 10 20
13257.6 13256.3 225 5 255 10 20
13315.6 13314.6 226 5 255 10 20
13393.8 13392.9 227 5 255 10 20
13460.5 13458.2 228 5 255 5 100
13466.5 13465.4 229 5 255 10 20
13560.4 13559.5 230 5 255 10 20
13707.2 13706.3 231 5 255 10 20
13711.5 13710.2 232 5 255 10 20
13811.2 13810.1 233 5 255 10 20
13874.5 13871.9 234 5 255 10 20
13887.1 13885.7 235 5 255 10 20
14053 14052 237 5 255 10 20
14057.7 14056.5 238 5 255 10 20
14063 14061.8 239 5 255 10 20
14109.6 14108.7 240 5 255 10 20
14207.7 14205.6 241 5 255 5 100
14231.8 14230.9 242 5 255 10 20
14233.2 14231.9 243 5 255 10 20
14258.2 14257.4 244 5 255 10 20
14301.8 14300.6 247 5 255 10 20
14402.5 14401.2 248 5 255 10 20
14437 14435.9 249 5 255 10 20
14483 14481.8 250 5 255 10 20
14489.1 14486.8 251 5 255 10 20
14516.4 14515.1 252 5 255 10 20
14539.7 14538.9 253 5 255 10 20
14732.7 14731.5 254 5 255 10 20
14778.6 14777.7 255 5 255 10 20
14791.5 14790.3 256 5 255 10 20
14822.1 14821 257 5 255 10 20
14837.8 14835.9 258 5 255 5 100
14869.9 14868.9 260 5 255 10 20
14902.1 14900.8 261 5 255 10 20
14985.4 14984.2 262 5 255 10 20
15086.5 15085.3 263 5 255 10 20
15092.4 15090.3 264 5 255 10 20
15527.7 15526.4 265 5 255 10 20
15592.5 15589.7 266 5 255 5 100
15617.3 15616.4 267 5 255 10 20
15619.3 15616.5 268 5 255 10 20
15744.8 15743.6 269 5 255 10 20
15761.8 15760.5 270 5 255 10 20
15789.9 15788.7 271 5 255 10 20
15854 15852.7 272 5 255 10 20
15868.3 15862.2 273 5 255 10 20
15876.4 15875.1 274 5 255 10 20
15985.8 15982.5 275 5 255 10 20
16601.4 16599.7 285 5 255 10 20
16622.3 16619.5 286 5 255 5 100
17613 17611.2 300 5 255 10 20
18135.8 18128.6 309 5 255 10 20
20559.7 20558.2 345 5 255 10 20
21739.2 21736.4 359 5 255 10 20
22829.4 22828.3 380 5 255 10 20
22882.4 22881.3 381 5 255 10 20
23108.1 23107 382 5 255 10 20
23239.9 23238.9 383 5 255 10 20
23242.5 23241.4 384 5 255 10 20
23275.8 23274.8 385 5 255 10 20
23314.3 23313.3 386 5 255 10 20
23321.1 23319.9 387 5 255 10 20
23370.6 23367.9 388 5 255 10 20
23377.4 23376.5 389 5 255 10 20
23455.7 23454.8 390 5 255 10 20
23468.8 23468 391 5 255 10 20
23479.6 23478.5 392 5 255 10 20
23508.2 23507.4 393 5 255 10 20
23590.6 23589.7 394 5 255 10 20
23666.7 23665.9 395 5 255 10 20
23681.4 23680.4 396 5 255 10 20
23703.7 23702.6 398 5 255 10 20
23915.2 23914.7 400 5 255 10 20
23963.9 23963.2 401 5 255 10 20
23974.7 23972.7 402 5 255 5 100
24031.2 24029.4 403 5 255 5 100
24050 24049.3 404 5 255 10 20
24131.4 24130.7 405 5 255 10 20
24190 24189.3 407 5 255 10 20
24416 24414.7 409 5 255 10 20
24454.3 24453.5 410 5 255 10 20
24461.4 24460.5 411 5 255 10 20
24467.4 24466.6 412 5 255 10 20
24589.6 24588.5 414 5 255 10 20
24631.9 24631 415 5 255 10 20
24797 24795.1 416 5 255 5 100
24986.7 24985.7 418 5 255 10 20
25091.3 25090.1 419 5 255 10 20
25111 25110.1 420 5 255 10 20
25125.9 25124.9 421 5 255 10 20
25331.2 25330.1 423 5 255 10 20
25393.2 25392.2 424 5 255 10 20
25408.7 25407.6 425 5 255 10 20
25415.1 25412.8 426 5 255 5 100
25419.7 25415.7 427 5 255 5 100
25438 25435.3 428 5 255 10 20
25473.2 25471.3 429 5 255 10 20
25478.1 25476.7 430 5 255 10 20
25566.4 25565.2 431 5 255 10 20
25571.6 25570.5 432 5 255 10 20
25574.1 25572.2 433 5 255 10 20
25605.3 25604.4 434 5 255 10 20
25751.7 25749.7 436 5 255 10 20
25753.8 25752.1 437 5 255 10 20
25778.6 25777.4 438 5 255 10 20
25813.5 25812.6 439 5 255 10 20
25854.3 25853 441 5 255 10 20
25868.7 25867.6 442 5 255 10 20
25961.3 25960.2 443 5 255 10 20
25971 25969.9 444 5 255 10 20
26205.6 26204.5 445 5 255 10 20
26216.7 26214.4 446 5 255 5 100
26400.6 26398.2 447 5 255 5 100
26420.8 26418.6 448 5 255 10 20
26451.6 26450.6 449 5 255 10 20
26610.1 26608.8 450 5 255 10 20
26631.2 26629.9 451 5 255 10 20
26675.5 26674.4 452 5 255 10 20
26780.5 26779.5 454 5 255 10 20
26795.7 26794.8 455 5 255 10 20
26944.2 26943.4 456 5 255 10 20
26986.6 26985.5 457 5 255 10 20
27033.6 27032.6 459 5 255 10 20
27090.6 27088.6 461 5 255 5 100
27160.9 27160 462 5 255 10 20
27179.8 27178.6 463 5 255 10 20
27288.4 27287.6 464 5 255 10 20
27363.9 27362.9 466 5 255 10 20
27384.3 27383.3 467 5 255 10 20
27389.6 27388.7 468 5 255 10 20
27429.5 27428.6 469 5 255 10 20
27460.3 27459.2 470 5 255 10 20
27570.4 27562.6 471 5 255 10 20
27650.2 27649.3 472 5 255 10 20
27744.2 27743.4 473 5 255 10 20
27810.2 27808.3 474 5 255 5 100
27846 27844 475 5 255 5 100
28038.6 28037.5 477 5 255 10 20
28196.6 28195.3 478 5 255 10 20
28218.3 28217.2 479 5 255 10 20
28279.9 28279 480 5 255 10 20
28309.5 28308.7 481 5 255 10 20
28318.6 28317.7 482 5 255 10 20
28383.5 28372.6 483 5 255 10 20
28417.2 28416.2 484 5 255 10 20
28445.8 28444.7 485 5 255 10 20
28469.2 28468.2 486 5 255 10 20
28537.2 28534.9 487 5 255 10 20
28624.7 28620.9 488 5 255 5 100
28663.7 28662.5 490 5 255 10 20
30040.3 30034.7 508 5 255 5 100
30086.7 30084.2 509 5 255 5 100
30191 30189.1 511 5 255 8 32
36025.6 36023.7 593 5 255 5 100
36173.7 36172 594 5 255 5 100
36335.6 36333.6 595 5 255 5 100
36352.6 36350.5 596 5 255 5 100
36376.9 36375.2 597 5 255 5 100
36380.4 36376.4 598 5 255 5 100
36394.1 36392.2 599 5 255 5 100
36439 36436.8 600 5 255 5 100
36511.4 36509.4 601 5 255 5 100
36565.8 36563.8 602 5 255 5 100
36581 36579.3 603 5 255 5 100
36606.1 36604.1 604 5 255 5 100
36644.1 36642.5 605 5 255 5 100
36919.8 36917.9 606 5 255 5 100
36939.5 36938 607 5 255 5 100
36995.9 36993.9 608 5 255 5 100
37031.2 37029.2 609 5 255 5 100
37095.5 37093.4 611 5 255 5 100
37154.5 37152.7 612 5 255 5 100
37200.3 37198.5 613 5 255 5 100
37237.6 37235.9 614 5 255 5 100
37261 37260.1 615 5 255 10 20
37301.6 37301 616 5 255 10 20
37392.4 37391.3 618 5 255 10 20
37397.6 37396.8 619 5 255 10 20
37435.3 37434.1 620 5 255 10 20
37483.4 37482.3 622 5 255 10 20
37601.3 37600.3 623 5 255 10 20
37927.3 37926.3 624 5 255 10 20
37964.4 37962.4 625 5 255 5 100
38236 38235 626 5 255 10 20
38247.9 38246.8 627 5 255 10 20
38339.4 38338.1 629 5 255 10 20
38430.4 38429.4 630 5 255 10 20
38620.2 38618.8 631 5 255 10 20
38747 38744.7 632 5 255 5 100
38755.1 38753.7 633 5 255 10 20
38876.5 38875 635 5 255 10 20
38962.1 38960.9 636 5 255 10 20
38968 38966.7 637 5 255 10 20
38988 38986 638 5 255 10 20
39164.1 39162.9 639 5 255 10 20
39167.1 39166 640 5 255 10 20
39211.4 39210.1 641 5 255 10 20
39251 39249.9 642 5 255 10 20
39310.1 39309 643 5 255 10 20
39360.9 39359.6 644 5 255 10 20
39373.4 39371.2 645 5 255 5 100
39390 39387.7 646 5 255 5 100
39686.8 39684.7 647 5 255 5 100
39772.7 39771.5 648 5 255 10 20
39818.9 39808 650 5 255 10 20
39936.4 39934.5 651 5 255 10 20
40001.1 39999.9 653 5 255 10 20
40169.4 40168.4 654 5 255 10 20
40256.7 40255.7 655 5 255 10 20
40295.5 40294.8 656 5 255 10 20
40363.5 40361.6 657 5 255 5 100
40371.8 40370.8 658 5 255 10 20
40486.2 40485.5 659 5 255 10 20
40587.5 40586.8 661 5 255 10 20
40590 40588.9 662 5 255 10 20
40601.9 40600.8 663 5 255 10 20
40681.2 40680 664 5 255 10 20
40684.2 40682.6 665 5 255 10 20
40686.8 40686.1 666 5 255 10 20
40717.3 40715.7 667 5 255 10 20
40936.6 40935.9 668 5 255 10 20
40974.7 40973.8 669 5 255 10 20
40993.3 40991.3 670 5 255 5 100
41079.5 41076.4 671 5 255 5 100
41108.4 41106.1 673 5 255 5 100
41164.6 41162.4 674 5 255 5 100
41215.6 41214.2 675 5 255 10 20
41312.9 41306.1 677 5 255 10 20
41319.1 41317.1 678 5 255 10 20
41358.2 41355 679 5 255 10 20
41364.4 41363.5 680 5 255 10 20
41382.3 41381.2 681 5 255 10 20
41410 41409.1 682 5 255 10 20
41411.7 41409.3 683 5 255 10 20
41540.6 41539.3 684 5 255 10 20
41565.9 41565 685 5 255 10 20
41580.8 41579.7 686 5 255 10 20
41629.9 41628.5 687 5 255 10 20
42174.2 42172.4 697 5 255 10 20
47474.5 47472.9 778 5 255 10 20
48893.6 48892.6 793 5 255 10 20
48957.9 48957 794 5 255 10 20
49166.4 49165.6 795 5 255 10 20
49353.2 49352.1 797 5 255 10 20
49391.6 49390.2 798 5 255 10 20
49506.7 49505.6 799 5 255 10 20
49515 49513.8 800 5 255 10 20
49586 49584.8 801 5 255 10 20
49853.7 49852.8 802 5 255 10 20
49883.4 49882.4 803 5 255 10 20
49901.1 49900 805 5 255 10 20
49931.1 49930 806 5 255 10 20
49961.6 49960.4 807 5 255 10 20
50046.4 50044.1 809 5 255 5 100
50139.1 50137 810 5 255 5 100
50314.9 50312.8 811 5 255 5 100
50394.4 50392 813 5 255 5 100
50398.9 50396.9 814 5 255 5 100
50574.6 50572.3 815 5 255 5 100
50604.9 50602.8 816 5 255 5 100
50609.6 50603.6 817 5 255 5 100
50626.5 50624.5 818 5 255 5 100
50839.2 50836.9 819 5 255 5 100
50861.2 50856.9 822 5 255 5 100
50866.6 50864.1 823 5 255 5 100
50898.3 50896 824 5 255 5 100
50968.5 50966.5 825 5 255 5 100
51033.9 51031.6 826 5 255 5 100
51041.8 51039.7 828 5 255 5 100
51048.2 51047.1 829 5 255 10 20
51181 51179.8 830 5 255 10 20
51243.3 51242.1 831 5 255 10 20
51275.1 51273.8 832 5 255 10 20
51279.1 51278.2 833 5 255 10 20
51302.2 51301 834 5 255 10 20
51311.6 51310.4 835 5 255 10 20
51397.5 51396.3 836 5 255 10 20
51442.8 51440.8 837 5 255 10 20
51493.1 51492 838 5 255 10 20
51582.3 51581.2 839 5 255 10 20
51621.6 51620.5 840 5 255 10 20
51731.2 51730 841 5 255 10 20
51830.9 51828.9 842 5 255 5 100
51951.7 51950.9 844 5 255 10 20
52012.8 52011.7 845 5 255 10 20
52042.9 52041.5 847 5 255 10 20
52113.8 52101 849 5 255 10 20
52171.9 52171 850 5 255 10 20
52210.7 52209.6 851 5 255 10 20
52234.8 52233.8 852 5 255 10 20
52268.7 52267.4 853 5 255 10 20
52292.7 52291.8 854 5 255 10 20
52353.2 52352.2 855 5 255 10 20
52480.4 52479.3 856 5 255 10 20
52555.6 52553.4 857 5 255 5 100
52584.1 52583.3 858 5 255 10 20
52738.4 52737.4 860 5 255 10 20
52810.4 52809.2 861 5 255 10 20
52977.5 52976.7 862 5 255 10 20
53164.9 53164.2 863 5 255 10 20
53184.7 53182.8 864 5 255 5 100
53307.3 53305.7 866 5 255 5 100
53413.8 53412.9 868 5 255 10 20
53532.5 53531.9 869 5 255 10 20
53604.1 53603.2 871 5 255 10 20
53619 53618.2 872 5 255 10 20
53634.6 53628.4 874 5 255 10 20
53657.1 53656.1 875 5 255 10 20
53726.1 53725.3 876 5 255 10 20
53823.2 53822.5 878 5 255 10 20
53851.2 53850.6 879 5 255 10 20
53861.4 53860.5 880 5 255 10 20
53872.8 53871.9 881 5 255 10 20
53920.5 53919.8 882 5 255 10 20
53973.4 53972.4 883 5 255 10 20
54033.8 54032.1 884 5 255 5 100
54133.4 54131.4 885 5 255 5 100
54142 54140.1 886 5 255 5 100
54149.6 54147.4 887 5 255 5 100
54159.9 54158.9 888 5 255 10 20
54187 54185.9 889 5 255 10 20
54510.2 54509 892 5 255 10 20
54587.1 54586.2 893 5 255 10 20
54775.4 54774.2 894 5 255 10 20
54777.8 54776.1 895 5 255 10 20
54838.8 54830.5 896 5 255 10 20
54917.4 54916.1 898 5 255 10 20
54959.4 54957 899 5 255 5 100
55057.7 55056.7 900 5 255 10 20
55148.6 55147.2 901 5 255 10 20
55155.8 55154.7 902 5 255 10 20
55242.2 55240.4 903 5 255 10 20
55264.6 55263.4 904 5 255 10 20
55641.7 55640.6 912 5 255 10 20
55777.6 55773.5 915 5 255 10 20
59153.7 59150.3 968 5 255 10 20
62367 62364.7 1021 5 255 5 100
62729.2 62726.8 1024 5 255 5 100
63143.7 63141.6 1029 5 255 5 100
63164.7 63162.8 1030 5 255 5 100
63246.9 63244.8 1031 5 255 5 100
63278.6 63276.6 1032 5 255 5 100
63339.4 63337.1 1033 5 255 5 100
63347.5 63345.4 1034 5 255 5 100
63385.1 63383.1 1035 5 255 5 100
63393.3 63391.3 1036 5 255 5 100
63401.6 63399.6 1037 5 255 5 100
63439.1 63436.9 1038 5 255 5 100
63443.2 63439 1039 5 255 5 100
63515.6 63513.6 1040 5 255 5 100
63540.6 63538.6 1041 5 255 5 100
63577.4 63575.4 1042 5 255 5 100
63614.6 63612.6 1043 5 255 5 100
63654.6 63652.8 1044 5 255 5 100
63708.1 63707 1045 5 255 10 20
63783.7 63782.8 1046 5 255 10 20
63800.3 63799.5 1047 5 255 10 20
63818.3 63817.6 1048 5 255 10 20
63833.9 63833.1 1049 5 255 10 20
63970.8 63968.8 1051 5 255 10 20
63974 63972.9 1052 5 255 10 20
64006.1 64005 1054 5 255 10 20
64071 64070 1055 5 255 10 20
64136.8 64135.6 1056 5 255 10 20
64243.4 64241.7 1057 5 255 10 20
64304.9 64303.9 1058 5 255 10 20
64362.9 64360.9 1059 5 255 5 100
64400.2 64399.2 1060 5 255 10 20
64403.5 64402.4 1061 5 255 10 20
64428.7 64427.5 1063 5 255 10 20
64657.5 64656.8 1064 5 255 10 20
64778.8 64778 1065 5 255 10 20
64888.3 64887 1066 5 255 10 20
64978.5 64977.7 1067 5 255 10 20
65010.4 65008.4 1068 5 255 5 100
65047.1 65046.3 1069 5 255 10 20
65075.3 65074.2 1070 5 255 10 20
65171 65170.3 1071 5 255 10 20
65208.3 65207.4 1072 5 255 10 20
65261.4 65260.4 1073 5 255 10 20
65453.8 65452.8 1074 5 255 10 20
65470.3 65469.3 1075 5 255 10 20
65480.2 65479.5 1076 5 255 10 20
65532.1 65531 1077 5 255 10 20
65555.3 65554.6 1078 5 255 10 20
65690.7 65689.5 1079 5 255 10 20
65757.9 65755.7 1080 5 255 5 100
65952.6 65949.3 1081 5 255 5 100
65960.2 65949.7 1082 5 255 5 100
66084.4 66083.6 1083 5 255 10 20
66132.1 66130.9 1084 5 255 10 20
66157 66155.5 1085 5 255 10 20
66189.8 66188.9 1086 5 255 10 20
66466.6 66465.5 1087 5 255 10 20
66484.2 66483 1088 5 255 10 20
66556.5 66555.5 1089 5 255 10 20
66587 66585.7 1090 5 255 10 20
66610.4 66608.1 1091 5 255 5 100
66637.8 66635.5 1092 5 255 5 100
66857.3 66855.8 1093 5 255 10 20
66907.2 66905.8 1094 5 255 10 20
66998.6 66997.1 1096 5 255 10 20
67008.9 67000.7 1097 5 255 10 20
67042.4 67041.1 1098 5 255 10 20
67202 67200.5 1099 5 255 10 20
67207.8 67205.2 1100 5 255 10 20
67329.5 67328.1 1101 5 255 10 20
67389.8 67387.3 1102 5 255 5 100
67431.4 67429.2 1104 5 255 5 100
67462.8 67460.8 1105 5 255 5 100
67474.7 67472 1106 5 255 5 100
67489.6 67488.1 1107 5 255 10 20
67511.9 67510.6 1108 5 255 10 20
67925.6 67924.1 1111 5 255 10 20
67949.9 67947.4 1113 5 255 10 20
68206.3 68204.4 1122 5 255 10 20
72049.5 72046.8 1182 5 255 10 20
72652.8 72651.1 1192 5 255 10 20
74107 74103.9 1209 5 255 5 100
74236.9 74233.6 1211 5 255 5 100
74321.5 74317 1213 5 255 5 100
74712.2 74709.5 1221 5 255 5 100
75651.1 75650.1 1234 5 255 10 20
75671 75670.3 1235 5 255 10 20
75873.2 75872.6 1237 5 255 10 20
75881.2 75880.5 1238 5 255 10 20
76088.2 76087.3 1239 5 255 10 20
76103 76102.2 1240 5 255 10 20
76231.7 76230.9 1241 5 255 10 20
76256.1 76255.4 1242 5 255 10 20
76327.9 76327 1243 5 255 10 20
76334.1 76333.4 1244 5 255 10 20
76386.5 76385.6 1245 5 255 10 20
76607.6 76603.4 1247 5 255 10 20
76633.1 76623.7 1248 5 255 5 100
76665.7 76664.7 1249 5 255 10 20
76766.7 76765.8 1250 5 255 10 20
76818.8 76818 1251 5 255 10 20
76842.7 76839.6 1252 5 255 10 20
76847.7 76845.4 1253 5 255 10 20
76902.1 76901.3 1254 5 255 10 20
76918.6 76917.5 1255 5 255 10 20
76935.4 76933.5 1257 5 255 10 20
77091.6 77090.6 1258 5 255 10 20
77124.9 77123.8 1259 5 255 10 20
77128.4 77127.6 1260 5 255 10 20
77130.7 77127.9 1261 5 255 10 20
77151.4 77150.6 1262 5 255 10 20
77203.2 77202.2 1263 5 255 10 20
77234.6 77233.7 1264 5 255 10 20
77341.2 77339 1265 5 255 5 100
77456.1 77454.9 1266 5 255 10 20
77524.5 77523.5 1267 5 255 10 20
77557.4 77556.2 1268 5 255 10 20
77574.6 77573.7 1269 5 255 10 20
77641.1 77639.9 1270 5 255 10 20
77651.7 77650.7 1271 5 255 10 20
77660.1 77658.8 1272 5 255 10 20
77697.1 77695.8 1273 5 255 10 20
77805.8 77804.9 1274 5 255 10 20
77819.2 77817.9 1275 5 255 10 20
77859.9 77859 1276 5 255 10 20
77870.7 77869.6 1277 5 255 10 20
77882.1 77880.1 1278 5 255 10 20
77905.6 77904.4 1279 5 255 10 20
77987.4 77986.5 1280 5 255 10 20
78059.6 78057.6 1281 5 255 5 100
78069.7 78068.8 1282 5 255 10 20
78292.9 78291.6 1283 5 255 10 20
78386.7 78385.7 1284 5 255 10 20
78400.3 78399.3 1285 5 255 10 20
78414.1 78413.1 1286 5 255 10 20
78492.6 78476.3 1289 5 255 10 20
78494.3 78478.1 1290 5 255 10 20
78636.3 78634.9 1292 5 255 10 20
78668.9 78667.9 1293 5 255 10 20
78792.9 78790.1 1295 5 255 5 100
78876.9 78875.6 1297 5 255 10 20
78894.1 78892.7 1298 5 255 10 20
78986.7 78978.5 1299 5 255 8 32
79010.5 78990.6 1300 5 255 10 20
79011.3 78994 1301 5 255 10 20
79054.6 79053.6 1302 5 255 10 20
79145.4 79143.8 1303 5 255 8 32
79173.6 79172.6 1304 5 255 10 20
79225.4 79224.4 1305 5 255 10 20
79344.5 79343.2 1306 5 255 10 20
79374.2 79372.1 1307 5 255 8 32
79384.6 79383.4 1308 5 255 10 20
79389.2 79386.5 1309 5 255 10 20
79423.2 79421.4 1311 5 255 10 20
79508.5 79505.9 1314 5 255 10 20
79563.2 79561.9 1315 5 255 10 20
79568.4 79566 1316 5 255 5 100
79625.6 79624.3 1317 5 255 10 20
79792.9 79791.8 1318 5 255 10 20
79824.4 79823.5 1319 5 255 10 20
79871.8 79870.4 1320 5 255 10 20
79948.1 79947 1321 5 255 10 20
79963.1 79961.5 1322 5 255 10 20
80091.2 80090.2 1323 5 255 10 20
80104 80102.8 1324 5 255 10 20
80124.1 80123.1 1325 5 255 10 20
80195 80194.1 1326 5 255 10 20
80331.5 80330.5 1327 5 255 10 20
80365.4 80363.4 1328 5 255 5 100
88720.1 88718.4 1467 5 255 5 100
88839.9 88836.5 1468 5 255 5 100
88895 88893 1469 5 255 5 100
89020.5 89018.8 1470 5 255 5 100
89030.4 89028.4 1471 5 255 5 100
89082.7 89080.3 1472 5 255 5 100
89113.1 89111.5 1473 5 255 5 100
89179.6 89175.9 1474 5 255 5 100
89182.1 89180.1 1475 5 255 5 100
89195.3 89192.5 1476 5 255 5 100
89348.7 89346.7 1478 5 255 5 100
89388.2 89386.4 1479 5 255 5 100
89411.6 89409.9 1480 5 255 5 100
89575.4 89572.2 1481 5 255 5 100
89685.3 89683.4 1482 5 255 5 100
89713.6 89712 1483 5 255 5 100
89730.9 89728.5 1484 5 255 5 100
89844.1 89842.4 1485 5 255 5 100
89942.6 89941.5 1487 5 255 10 20
89976.4 89975.7 1488 5 255 10 20
90021.2 90020.1 1489 5 255 10 20
90039.3 90038.7 1490 5 255 10 20
90123.6 90122.7 1491 5 255 10 20
90452 90450.9 1492 5 255 8 32
90528.9 90527.8 1493 5 255 10 20
90677.2 90675.1 1494 5 255 5 100
90751 90748.9 1495 5 255 5 100
90783.4 90781.5 1496 5 255 5 100
91039.7 91038.5 1497 5 255 10 20
91075.2 91074.1 1499 5 255 10 20
91107.6 91106.2 1500 5 255 10 20
91121 91119.8 1502 5 255 10 20
91125.1 91124.2 1503 5 255 10 20
91132.1 91130.8 1504 5 255 10 20
91155.4 91154.5 1505 5 255 10 20
91196.6 91195.3 1506 5 255 10 20
91228.4 91227.2 1507 5 255 10 20
91385.3 91383.9 1508 5 255 10 20
91543.6 91541.3 1509 5 255 5 100
91556 91554 1510 5 255 5 100
91677.1 91675.9 1511 5 255 10 20
91711.9 91710.4 1512 5 255 10 20
91736.4 91735 1513 5 255 10 20
91786.8 91785.5 1514 5 255 10 20
91802.7 91800.6 1515 5 255 10 20
91813.1 91811.7 1516 5 255 10 20
91845.1 91844.1 1517 5 255 10 20
91880.9 91879.8 1518 5 255 10 20
91956.1 91955 1519 5 255 10 20
92148.3 92146.9 1520 5 255 10 20
92163.8 92162.7 1521 5 255 10 20
92226.9 92225.5 1522 5 255 10 20
92258 92256.8 1523 5 255 10 20
92282.6 92281 1524 5 255 10 20
92393.4 92392 1525 5 255 10 20
92411.3 92408.9 1526 5 255 5 100
92634 92632.5 1527 5 255 10 20
92675.9 92674.8 1528 5 255 10 20
92691.1 92689.8 1529 5 255 10 20
92728.8 92727.5 1530 5 255 10 20
92860.6 92858.9 1533 5 255 10 20
93721.8 93720.4 1549 5 255 10 20
93884.3 93866.9 1554 5 255 10 20
94093.8 94092.3 1558 5 255 10 20
99617 99614.6 1650 5 255 10 20
