73.542 71.5001 1 254 1 5 97 2.04192 2.144
768.011 767.158 2 252 1 6 11 0.853119 22.0646
930.322 928.398 4 252 1 5 97 1.92317 66.3345
974.649 972.406 5 252 1 5 97 2.24301 81.9228
1054.86 1052.16 6 252 1 5 97 2.70619 123.898
1669.28 1668.26 7 252 1 6 11 1.01938 1.10958
1764.64 1761.79 8 252 1 5 97 2.85011 2.11528
2475.19 2473.64 10 252 1 6 11 1.55676 1.18528
2699.63 2697.68 11 252 1 5 97 1.94776 2.22227
3301.68 3299.41 12 252 1 6 11 2.26418 1.1391
3359.85 3357.61 13 252 1 5 97 2.2393 2.04334
3966.8 3965.71 14 252 1 6 11 1.08414 1.87123
3996.75 3994.8 15 252 1 5 97 1.95979 1.7737
4646.42 4645.33 17 252 1 6 11 1.09703 0.768823
4707.91 4705.89 18 252 1 5 97 2.02072 3.38518
5309.23 5308.19 19 252 1 6 11 1.04596 0.729065
5326.94 5325.04 20 252 1 5 97 1.89909 1.85939
5940.64 5938.88 21 252 1 6 11 1.7637 1.25347
6082.27 6079.89 23 252 1 5 97 2.38258 1.96727
7309.32 7308.05 25 252 1 6 11 1.27148 1.76055
7828.75 7826.14 26 252 1 5 97 2.60916 5.15733
9032.26 9029.97 30 254 1 6 11 2.29893 1.22016
9062.15 9059.9 31 254 1 5 97 2.25324 2.47074
9698.07 9696.41 33 254 1 6 11 1.65891 1.45675
9730.58 9728.18 34 254 1 5 97 2.40555 2.1981
10350 10348.2 35 254 1 6 11 1.86915 1.23113
10425 10423 36 254 1 5 97 2.04364 2.43301
11049 11047.9 37 254 1 6 11 1.07744 1.36669
11056.2 11053.7 38 254 1 5 97 2.52457 1.91157
11758 11757 40 254 1 6 11 1.0459 0.915548
11946.3 11944.5 42 254 1 5 97 1.8186 1.94264
12730.8 12729.8 43 254 1 6 11 1.04293 0.657307
12871.4 12868.5 44 254 1 5 97 2.87193 1.64288
13526.2 13525.1 45 254 1 6 11 1.17438 0.803417
13565.3 13553.5 46 254 1 5 97 11.8319 1.7429
15490.3 15487 49 252 1 6 11 3.36647 1.09002
15492.1 15488.4 50 252 1 6 11 3.69737 2.05258
15730.5 15727.3 51 252 1 5 97 3.23458 2.4906
16442.4 16440.8 52 252 1 6 11 1.59647 1.21519
16819.1 16816.1 55 252 1 5 97 2.98684 1.93695
17611.8 17610.7 57 252 1 6 11 1.12427 0.80701
17698.3 17695.9 59 252 1 5 97 2.43603 1.62588
18798.5 18797.3 60 252 1 6 11 1.24436 1.68424
20508.7 20506.1 61 252 1 5 97 2.58161 2.70892
21709 21707.8 62 254 1 6 11 1.15597 1.47479
21740.8 21738.2 63 254 1 5 97 2.6391 2.13368
22412.9 22411 68 254 1 6 11 1.94778 0.989045
22422.3 22420.2 69 254 1 5 97 2.11239 2.06522
23252.7 23250.5 71 254 1 6 11 2.14855 1.27585
23269.7 23267.2 72 254 1 5 97 2.45453 2.24824
23275.4 23272.9 73 254 1 5 97 2.47518 4.63954
24117.1 24116 74 254 1 6 11 1.05597 0.956256
24317.8 24315.7 75 254 1 5 97 2.04545 2.03442
24965.5 24965 76 254 1 6 11 0.578903 0.587097
25134.1 25131.7 78 254 1 5 97 2.36645 1.76235
25747.7 25745.5 79 254 1 6 11 2.19458 2.08123
25857.1 25854.4 80 254 1 5 97 2.60702 2.23637
26661.5 26659.3 82 254 1 6 11 2.20425 1.37172
27198.9 27196.3 84 254 1 5 97 2.54717 2.40094
28409.5 28408.1 85 254 1 6 11 1.47359 1.52218
29092.9 29091.1 86 252 1 5 97 1.77722 1.84836
29955.7 29955.2 87 252 1 6 11 0.478625 0.560701
30226.6 30224.9 90 252 1 5 97 1.68715 1.75752
30881.5 30879.9 91 252 1 6 11 1.60896 0.824081
30961.3 30958.9 92 252 1 5 97 2.47024 2.0122
31588.1 31587.2 93 252 1 6 11 0.926169 1.02136
31661.2 31659.1 94 252 1 5 97 2.06213 1.79913
32285.1 32282.6 95 252 1 6 11 2.48198 0.954045
32908 32905.9 96 252 1 5 97 2.12337 3.06186
35365.1 35363.6 98 254 1 6 11 1.42199 1.39112
35539.6 35537 102 254 1 5 97 2.59454 2.17357
36227.4 36226 103 254 1 6 11 1.37864 1.46501
36260.2 36257.8 105 254 1 5 97 2.44596 2.22602
36265.6 36263 106 254 1 5 97 2.5713 4.2337
36893.4 36891.7 107 254 1 6 11 1.69538 1.1771
36943.7 36941.7 108 254 1 5 97 1.94254 1.8347
37703.2 37701.5 109 254 1 6 11 1.61186 0.849947
37775.8 37774 111 254 1 5 97 1.77361 1.95346
38411.6 38410.8 112 254 1 6 11 0.808024 0.935379
38434.4 38431.9 113 254 1 5 97 2.52773 1.81743
39099.6 39098.6 114 254 1 6 11 1.05642 0.841355
39163.3 39161.5 115 254 1 5 97 1.81925 2.01581
39914.6 39913.3 117 254 1 6 11 1.26726 7.6205
39951.7 39949.3 118 254 1 5 97 2.43031 2.07085
40736.6 40735.6 119 254 1 6 11 0.989415 1.45559
40932.9 40930.6 120 254 1 5 97 2.30898 2.18843
42034.5 42032.7 121 254 1 6 11 1.83009 1.78552
42186.5 42145.1 122 254 1 5 97 41.4824 2.79638
42996.8 42995 123 254 1 6 11 1.7763 3.53493
43037.2 43031.9 124 254 1 5 97 5.32347 2.58649
43967.9 43967 125 252 1 6 11 0.942557 0.645492
43987.5 43985.4 126 252 1 5 97 2.03543 1.89434
44706.2 44702.2 128 252 1 6 11 4.04028 0.612425
44770.3 44751.8 129 252 1 5 97 18.4976 1.61123
45368.5 45367.2 130 252 1 6 11 1.25656 0.9361
48244.4 48241.7 133 252 1 5 97 2.71628 2.40731
49081.1 49079.4 134 254 1 6 11 1.75743 1.04363
49335.2 49332.7 136 254 1 5 97 2.50963 1.96227
50155.4 50149.7 138 254 1 6 11 5.72612 1.1748
50232.1 50229.8 139 254 1 5 97 2.2845 2.10621
50843.7 50842.9 140 254 1 6 11 0.796032 1.04137
50916.6 50914.7 141 254 1 5 97 1.92384 3.21127
51520.8 51519.6 142 254 1 6 11 1.21203 0.788167
51570.3 51568.4 143 254 1 5 97 1.905 2.30419
52190.6 52189.6 144 254 1 6 11 1.04785 0.83497
52299.9 52292.5 145 254 1 5 97 7.43305 1.92729
52980.7 52979.5 146 254 1 6 11 1.24043 1.17684
53514.1 53511.7 148 254 1 5 97 2.43648 1.96977
55122.3 55121.3 153 252 1 6 11 1.04099 1.16592
55180 55177.7 154 252 1 5 97 2.2967 2.00368
55837.3 55836.2 155 252 1 6 11 1.13256 1.01016
56074.4 56072.6 157 252 1 5 97 1.80499 3.731
56796.6 56795.8 159 252 1 6 11 0.87441 1.41465
56819.8 56801.8 160 252 1 5 97 18.0114 1.68024
57476.7 57475.2 162 252 1 6 11 1.52023 1.11064
57539.6 57537.7 164 252 1 5 97 1.92051 2.05878
58873.3 58871.8 165 252 1 6 11 1.49673 1.00184
59629.8 59615.6 166 252 1 5 97 14.2221 2.84858
61187.3 61185.9 168 252 1 6 11 1.42901 1.78409
61481.4 61479.1 169 253 1 5 97 2.36149 2.45589
62724.2 62722.8 171 253 1 6 11 1.43784 1.60556
63392.6 63390.3 173 254 1 5 97 2.26637 2.03565
64096.4 64095.2 174 254 1 6 11 1.18117 0.867268
64120.7 64118.5 175 254 1 5 97 2.2243 2.12949
64724.3 64723.5 176 254 1 6 11 0.807026 0.715922
64849.9 64847.7 177 254 1 5 97 2.23207 1.69597
65466.9 65465.8 178 254 1 6 11 1.0694 0.917748
65472.4 65470.3 179 254 1 5 97 2.1387 2.51455
66086.9 66085.8 180 254 1 6 11 1.11505 1.3797
66104.4 66101.5 181 254 1 5 97 2.88439 1.83525
66708.8 66707.8 182 254 1 6 11 1.00989 1.41477
66732.4 66730.3 183 254 1 5 97 2.07401 3.52093
67342.5 67340.6 184 254 1 6 11 1.84924 1.46123
67445.3 67442.6 185 254 1 5 97 2.70462 2.19085
69570.1 69569.4 186 252 1 6 11 0.73245 1.08151
69727.8 69726.1 187 252 1 5 97 1.76839 1.98022
70931.5 70930.5 189 252 1 6 11 1.04411 3.122
71346.6 71344.4 191 253 1 5 97 2.19183 1.86135
72069.4 72068.5 192 253 1 6 11 0.885139 1.0461
72250.6 72248.1 196 253 1 5 97 2.47255 2.0462
72873.2 72872.4 197 253 1 6 11 0.763995 1.06151
73008.7 73006.6 200 253 1 5 97 2.08656 2.07782
73013 73010.9 201 253 1 5 97 2.1037 4.15187
73755.7 73754.8 202 253 1 6 11 0.841675 0.839583
73793.5 73790.8 203 253 1 5 97 2.70887 2.29793
74394.5 74392.3 204 253 1 6 11 2.17673 0.984316
74566.4 74563.4 206 253 1 5 97 2.99787 2.37251
76755.2 76754.4 207 254 1 6 11 0.88384 0.842008
76821.1 76819.2 208 254 1 5 97 1.97081 1.76268
77438 77437.5 209 254 1 6 11 0.55401 0.947056
77448.3 77446.3 210 254 1 5 97 1.99739 1.65582
78072.6 78071.6 211 254 1 6 11 1.01069 1.00819
78141.3 78139.5 212 254 1 5 97 1.83386 1.92966
78841.5 78840.2 213 254 1 6 11 1.26602 0.869995
78973.1 78970.4 214 254 1 5 97 2.63938 2.11822
79640.6 79638.9 215 254 1 6 11 1.72553 1.08231
79703.7 79701.3 217 254 1 5 97 2.39338 2.01333
79709 79706.5 218 254 1 5 97 2.44424 4.10996
80400.2 80398.8 219 254 1 6 11 1.34468 2.82718
82617.1 82615.3 220 252 1 5 97 1.86204 2.01623
82623.3 82619.8 221 252 1 5 97 3.46624 3.83659
83369.9 83368.9 222 252 1 6 11 0.964647 0.859035
83397.3 83394.7 223 252 1 5 97 2.56123 2.56998
84026.8 84025.9 224 252 1 6 11 0.878543 1.08479
85530.2 85528.3 227 253 1 5 97 1.90335 1.7543
86133.5 86132.5 228 253 1 6 11 0.968764 1.25594
86193.2 86191.1 229 253 1 5 97 2.09042 2.28949
86198.9 86195.3 230 253 1 5 97 3.60624 5.1438
87344.6 87342.9 232 254 1 6 11 1.63938 1.57232
87407 87402.3 233 254 1 5 97 4.72276 2.6559
88046.6 88044.7 234 254 1 6 11 1.89039 1.56794
88114.3 88112 235 254 1 5 97 2.24323 2.30641
88746.5 88744 236 254 1 6 11 2.44762 1.0766
88785.6 88783.5 237 254 1 5 97 2.06513 1.98665
89485.2 89475.6 238 254 1 6 11 9.56427 3.07559
89508.8 89502.4 239 254 1 5 97 6.40914 2.17075
90372.2 90371.4 242 254 1 6 11 0.770199 1.04303
90788.6 90785.8 245 254 1 5 97 2.88712 1.76889
91390.6 91389.7 246 254 1 6 11 0.925572 0.990449
91533.9 91531.1 249 254 1 5 97 2.81647 14.1651
92225 92219.4 251 254 1 6 11 5.54923 1.3458
92261.1 92258.3 252 254 1 5 97 2.83732 2.21716
94563.8 94562.6 254 252 1 6 11 1.22546 0.972336
94574.3 94572.4 255 252 1 5 97 1.92745 1.77594
95223.6 95222 256 252 1 6 11 1.66957 1.12221
95229.3 95227.1 257 252 1 5 97 2.12271 1.90869
96003.6 96002 258 252 1 6 11 1.67376 0.782415
96015.3 96012.9 259 252 1 5 97 2.4288 2.00196
96769.4 96768.4 260 252 1 6 11 0.916205 0.88122
96851.6 96849.6 261 252 1 5 97 1.96381 2.00221
97456.9 97455.8 262 252 1 6 11 1.13943 3.07153
98053.2 98050.8 263 252 1 5 97 2.35188 2.31197
