140.667 138.58 5 3 255 10 20
180.024 177.596 7 3 255 8 32
181.703 178.118 8 3 255 10 20
197.081 195.84 9 3 255 10 20
320.074 318.784 11 3 255 10 20
334.311 333.026 12 3 255 10 20
470.825 469.561 14 3 255 8 32
486.081 483.948 15 3 255 10 20
529.94 528.398 16 3 255 10 20
596.536 595.36 17 3 255 8 32
618.085 617.002 18 3 255 10 20
773.866 772.839 19 3 255 10 20
852.077 850.103 20 3 255 5 100
864.273 861.276 21 3 255 10 20
914.905 914.12 22 3 255 10 20
941.082 940.325 23 3 255 10 20
1034.84 1033.76 24 3 255 10 20
1060.97 1060.27 25 3 255 10 20
1095.47 1094.66 26 3 255 10 20
1107.06 1106.38 27 3 255 10 20
1148.58 1147.51 28 3 255 10 20
1259.23 1258.32 29 3 255 10 20
1277.61 1276.97 30 3 255 10 20
1335.28 1334.38 31 3 255 10 20
1372.72 1371.36 32 3 255 10 20
1465.37 1464.29 33 3 255 10 20
1482.18 1481.24 34 3 255 10 20
1495.66 1493.78 35 3 255 5 100
1595.1 1592.81 36 3 255 10 20
1713.7 1712.54 37 3 255 10 20
1769.09 1767.91 38 3 255 10 20
1774.41 1773.21 39 3 255 10 20
1787.62 1786.78 40 3 255 10 20
1845.2 1844.18 41 3 255 10 20
1879.05 1877.31 43 3 255 10 20
2014.77 2013.93 44 3 255 10 20
2056.24 2055.16 45 3 255 10 20
2060.18 2059.22 46 3 255 10 20
2097.48 2096.26 47 3 255 10 20
2310.86 2308.73 48 3 255 5 100
2360.23 2358.97 49 3 255 10 20
2508.51 2507.54 52 3 255 10 20
2544.15 2543.02 53 3 255 10 20
2567.16 2566.11 54 3 255 10 20
2598.96 2597.66 55 3 255 10 20
2637.57 2636.23 56 3 255 10 20
2688.86 2687.73 57 3 255 10 20
2691.1 2689.19 58 3 255 10 20
2692.85 2691.3 59 3 255 10 20
2757.28 2755.99 60 3 255 10 20
2765.96 2763.93 61 3 255 10 20
2784.28 2783.11 62 3 255 10 20
2816.11 2814.79 63 3 255 10 20
3175.07 3174.06 64 3 255 10 20
3281.63 3279.84 65 3 255 10 20
3291.06 3287.39 66 3 255 5 100
3359.38 3358.15 67 3 255 10 20
3378.25 3376.91 68 3 255 10 20
3479.52 3478.09 70 3 255 10 20
3510.31 3509.05 71 3 255 10 20
3529.91 3528.81 72 3 255 10 20
3569.01 3568.04 73 3 255 10 20
3577.92 3576.93 74 3 255 10 20
3598.3 3597.04 75 3 255 10 20
3612.11 3610.78 76 3 255 10 20
3667.55 3666.29 77 3 255 10 20
3717.43 3716.47 78 3 255 10 20
3742.33 3740.94 79 3 255 10 20
3898.71 3897.58 80 3 255 10 20
3902.28 3900.17 81 3 255 5 100
4298.38 4296.44 83 3 255 5 100
4401.73 4400.62 84 3 255 10 20
4425.63 4423.88 85 3 255 10 20
4564.48 4563.53 86 3 255 10 20
4574.46 4573.87 87 3 255 10 20
4580.32 4577.82 88 3 255 10 20
4583.71 4583.03 89 3 255 10 20
4595.4 4594.51 90 3 255 10 20
4596.18 4594.58 91 3 255 10 20
4660.81 4659.73 92 3 255 10 20
4722.38 4721.41 93 3 255 10 20
4743.79 4743.05 94 3 255 10 20
4962.89 4962.18 95 3 255 10 20
5007.29 5005.24 96 3 255 5 100
5089.62 5088.53 97 3 255 10 20
5090.61 5088.92 98 3 255 10 20
5189.1 5188.11 99 3 255 10 20
5230.36 5228.4 100 3 255 10 20
5259.98 5256.65 101 3 255 10 20
5264.89 5264.09 102 3 255 10 20
5365.71 5364.53 103 3 255 10 20
5379.44 5378.56 104 3 255 10 20
5436.9 5435.77 105 3 255 10 20
5451.01 5449.83 106 3 255 10 20
5462.63 5461.46 107 3 255 10 20
5582.78 5581 108 3 255 10 20
5641.8 5640.5 109 3 255 10 20
5711.37 5709.12 110 3 255 5 100
5783.04 5782.15 112 3 255 10 20
5835.5 5834.35 113 3 255 10 20
7496.13 7493.99 133 3 255 10 20
13067.6 13066.1 230 3 255 10 20
13493.8 13490.9 242 3 255 10 20
13599.1 13597.8 245 3 255 10 20
13630.8 13629.4 246 3 255 10 20
13743 13741.8 248 3 255 10 20
13779.7 13777.7 249 3 255 10 20
13867.2 13865.8 252 3 255 10 20
14016.5 14015.3 253 3 255 10 20
14075.6 14072.9 254 3 255 10 20
14206.7 14205.3 255 3 255 10 20
14226.7 14225.6 256 3 255 10 20
14250.1 14248.9 257 3 255 10 20
14404.8 14403.2 258 3 255 10 20
14476.1 14475.1 259 3 255 10 20
14524.9 14523.6 260 3 255 10 20
14590.6 14589.5 262 3 255 10 20
14779.7 14778.6 263 3 255 10 20
14803.1 14802.1 264 3 255 10 20
14933.8 14932.7 265 3 255 10 20
15064.1 15062 268 3 255 5 100
15081.3 15076.1 269 3 255 10 20
15106.1 15104.8 270 3 255 10 20
15152.3 15151.1 271 3 255 10 20
15156.7 15155.3 272 3 255 10 20
15299.7 15298.8 273 3 255 10 20
15333.7 15332.5 274 3 255 10 20
15381.6 15379.3 276 3 255 10 20
15456.1 15454.4 279 3 255 10 20
15643.4 15642.3 280 3 255 10 20
15691.5 15690.6 281 3 255 10 20
15747.5 15745.2 282 3 255 5 100
15808 15807 283 3 255 10 20
15812.7 15811.5 284 3 255 10 20
15896.3 15895.3 286 3 255 10 20
15907.1 15906.2 287 3 255 10 20
16024.4 16023.5 288 3 255 10 20
16026.1 16024.9 289 3 255 10 20
16102 16101 290 3 255 10 20
16152.2 16151 291 3 255 10 20
16208.5 16207.2 292 3 255 10 20
16318.4 16317.1 293 3 255 10 20
16345.1 16344.1 294 3 255 10 20
16393.3 16392.3 295 3 255 10 20
16444.9 16442.7 296 3 255 5 100
16509.1 16508.3 297 3 255 10 20
16530.9 16529.7 298 3 255 10 20
16545.2 16544 299 3 255 10 20
16604.4 16602.6 300 3 255 10 20
16677.5 16676.5 302 3 255 10 20
16716.9 16715.6 303 3 255 10 20
16788.3 16787.5 304 3 255 10 20
16850 16848.5 305 3 255 10 20
16872.3 16871.1 306 3 255 10 20
16885.3 16884.3 307 3 255 10 20
16899.2 16898.3 308 3 255 10 20
16920.9 16919.7 309 3 255 10 20
16954.3 16953.4 310 3 255 10 20
16979.6 16978.7 311 3 255 10 20
17080 17078.9 312 3 255 10 20
17099.7 17097.8 313 3 255 5 100
17124.3 17123.5 314 3 255 10 20
17153.9 17152.8 315 3 255 10 20
17219.2 17218.3 316 3 255 10 20
17233.1 17231.9 317 3 255 10 20
17267.6 17266.1 318 3 255 10 20
17373.3 17372.5 319 3 255 10 20
17376.2 17374.3 320 3 255 10 20
17537 17533.7 321 3 255 10 20
17586 17583.9 322 3 255 10 20
17625.5 17624.2 323 3 255 10 20
17632.9 17631.8 324 3 255 10 20
17634.8 17633.6 325 3 255 10 20
17677.8 17677 326 3 255 10 20
17828.9 17827.9 327 3 255 10 20
17858.1 17856.2 328 3 255 5 100
17912.2 17910 329 3 255 5 100
17922.6 17920.7 330 3 255 5 100
17955.2 17953.2 332 3 255 5 100
17972.7 17970.6 333 3 255 5 100
17983 17981.2 334 3 255 5 100
18003.9 18003 335 3 255 10 20
18079.1 18078.1 337 3 255 10 20
18094 18092.9 338 3 255 10 20
18124.9 18124 339 3 255 10 20
18176.3 18174.3 340 3 255 10 20
18250.9 18249.7 341 3 255 10 20
18298.6 18297 343 3 255 10 20
18402.8 18399.9 345 3 255 10 20
18502.9 18501.9 346 3 255 10 20
18583.1 18580.4 347 3 255 10 20
18706 18704.1 350 3 255 10 20
19570.6 19568 363 3 255 5 100
19728.9 19726.5 368 3 255 10 20
21804.6 21797.9 401 3 255 5 100
23765.9 23762.5 441 3 255 10 20
24008.3 24005.8 445 3 255 10 20
27282.3 27281.2 503 3 255 10 20
27438.9 27437 508 3 255 10 20
27702.6 27701.4 514 3 255 10 20
27792.3 27790.9 515 3 255 10 20
27828 27826.7 516 3 255 10 20
27858.4 27856.9 517 3 255 10 20
27965.6 27964.4 518 3 255 10 20
27977.3 27975.9 519 3 255 10 20
28111.3 28109.1 521 3 255 5 100
28145.5 28143.1 522 3 255 5 100
28211.1 28209 523 3 255 5 100
28291.7 28289.5 524 3 255 5 100
28346.6 28344.4 525 3 255 5 100
28352.9 28350.6 526 3 255 5 100
28372.7 28370.4 527 3 255 5 100
28630.4 28628.3 529 3 255 10 20
28993.5 28992.5 531 3 255 10 20
29045.4 29044.2 532 3 255 10 20
29094 29092.8 533 3 255 10 20
29207.3 29206.3 534 3 255 10 20
29226.6 29225.5 535 3 255 10 20
29247.7 29246.6 536 3 255 10 20
29290.3 29289 537 3 255 10 20
29321.3 29320.2 539 3 255 10 20
29333.2 29332.1 540 3 255 10 20
29527.9 29526.8 542 3 255 10 20
29595 29594.2 543 3 255 10 20
29602.2 29601.3 544 3 255 10 20
29612.7 29611.9 545 3 255 10 20
29706.9 29706.1 546 3 255 10 20
29744.4 29743.5 547 3 255 10 20
29916.7 29915.8 548 3 255 10 20
30004.2 30003.3 549 3 255 10 20
30025.4 30024.3 550 3 255 10 20
30031.5 30030.9 551 3 255 10 20
30225.5 30224.8 552 3 255 10 20
30244.8 30243.1 553 3 255 5 100
30311.5 30310.3 554 3 255 10 20
30347.7 30347.1 555 3 255 10 20
30397.9 30397.1 556 3 255 10 20
30405.9 30405.2 557 3 255 10 20
30438.6 30437.9 558 3 255 10 20
30441.1 30440.3 559 3 255 10 20
30510.1 30509.1 560 3 255 10 20
30619.5 30618.9 561 3 255 10 20
30738.6 30737.6 562 3 255 10 20
30925 30924 563 3 255 10 20
30970.1 30967.6 564 3 255 5 100
30975.8 30974.7 565 3 255 10 20
30997.5 30996.3 566 3 255 10 20
31047.3 31046.3 567 3 255 10 20
31712.5 31711.6 578 3 255 10 20
32549.7 32548.6 585 3 255 10 20
34037.3 34035.5 613 3 255 10 20
36355.5 36353 654 3 255 10 20
37203.1 37200.1 671 3 255 10 20
39651 39649.4 706 3 255 10 20
40184.9 40183.6 717 3 255 10 20
40202 40200.4 718 3 255 10 20
40223.9 40222.5 719 3 255 10 20
40229.5 40228.1 720 3 255 10 20
40362.5 40361.2 721 3 255 10 20
40577.5 40576.2 723 3 255 10 20
40638.8 40637.3 724 3 255 10 20
40666.3 40665.1 725 3 255 10 20
40677.3 40675.9 726 3 255 10 20
40790.9 40789.6 727 3 255 10 20
41096.1 41094.7 728 3 255 10 20
41119.7 41118.6 730 3 255 10 20
41143.4 41142.1 731 3 255 10 20
41172.7 41163.2 732 3 255 10 20
41278.5 41277.5 733 3 255 10 20
41321.7 41320.4 734 3 255 10 20
41388.9 41387.7 735 3 255 10 20
41553.2 41551 736 3 255 5 100
41695.7 41694.7 737 3 255 10 20
41699.8 41698.3 738 3 255 10 20
41777.7 41776.5 739 3 255 10 20
41800.5 41799.6 740 3 255 10 20
41899.6 41898.3 741 3 255 10 20
41993.7 41992.7 743 3 255 10 20
42008.1 42006.9 744 3 255 10 20
42011.9 42011 745 3 255 10 20
42121.9 42120.4 746 3 255 10 20
42430 42428.8 747 3 255 10 20
42445.6 42444.6 748 3 255 10 20
42450 42447.9 749 3 255 5 100
42530.9 42516.1 750 3 255 5 100
42582.1 42576.3 752 3 255 10 20
42635.1 42630 753 3 255 10 20
42647.7 42646.7 754 3 255 10 20
42676.7 42675.8 755 3 255 10 20
42772.3 42768.6 756 3 255 10 20
42776.3 42775.3 757 3 255 10 20
42954.3 42953.2 759 3 255 10 20
43015.8 43015.1 760 3 255 10 20
43069.8 43069 761 3 255 10 20
43121.2 43120.2 762 3 255 10 20
43139.1 43138.1 763 3 255 10 20
43300.8 43298.7 764 3 255 5 100
43327.9 43326.1 765 3 255 5 100
43336.6 43335.8 767 3 255 10 20
43348 43347 768 3 255 8 32
48064 48061.8 852 3 255 5 100
49048.1 49046.4 867 3 255 10 20
49774.6 49771.5 880 3 255 10 20
51071.7 51068.6 894 3 255 10 20
51112.1 51109.9 895 3 255 10 20
52236.8 52235.1 906 3 255 10 20
52712.5 52711.2 915 3 255 10 20
52714.6 52711.3 916 3 255 10 20
52881.4 52879.4 919 3 255 10 20
52944.9 52943.4 920 3 255 10 20
52962.6 52961.2 921 3 255 10 20
53031 53029.9 922 3 255 10 20
53166.1 53163.8 924 3 255 5 100
53339.1 53336.8 925 3 255 5 100
53627.4 53626.3 927 3 255 10 20
53712.1 53711 928 3 255 10 20
53755.6 53754.4 929 3 255 10 20
53790.9 53790 930 3 255 10 20
54038.5 54037.5 931 3 255 10 20
54040.2 54038.5 932 3 255 10 20
54079.6 54078.6 933 3 255 10 20
54151.7 54150.4 934 3 255 10 20
54354.4 54353.3 936 3 255 10 20
54373.3 54371.7 937 3 255 10 20
54393.5 54388.8 938 3 255 10 20
54462.3 54461.6 939 3 255 10 20
54559.4 54558.2 940 3 255 10 20
54962.5 54961.5 946 3 255 10 20
56206.4 56204.8 970 3 255 10 20
56687 56685.5 978 3 255 10 20
56913.6 56912.3 981 3 255 10 20
57367.8 57365.4 988 3 255 10 20
57487.4 57485.9 992 3 255 10 20
57859.5 57857.7 996 3 255 10 20
59090.6 59088.9 1017 3 255 10 20
60601.2 60599.3 1042 3 255 10 20
62134.7 62132.6 1069 3 255 10 20
62257.2 62254.9 1070 3 255 10 20
62609.7 62607.4 1079 3 255 10 20
63080.7 63078.1 1089 3 255 10 20
63881.4 63878 1106 3 255 10 20
64335.6 64333.9 1110 3 255 10 20
64432.4 64431 1111 3 255 10 20
64776.9 64775.4 1116 3 255 10 20
65069.7 65068.5 1117 3 255 10 20
65225 65223.7 1118 3 255 10 20
65239.6 65238.4 1119 3 255 10 20
65274.9 65273.8 1120 3 255 10 20
65355.1 65353.9 1121 3 255 10 20
65455.1 65453.6 1122 3 255 10 20
65573.7 65572.1 1123 3 255 10 20
65659.9 65658.8 1124 3 255 10 20
65665.5 65664.4 1125 3 255 10 20
65810.6 65807.7 1126 3 255 10 20
65918.5 65917.2 1127 3 255 10 20
66096.3 66095.3 1128 3 255 10 20
66240.5 66237.6 1130 3 255 5 100
66252.9 66250.9 1131 3 255 5 100
66372.1 66369.7 1132 3 255 5 100
66425.8 66423.4 1133 3 255 5 100
66445.9 66443.6 1134 3 255 5 100
66450.5 66448.4 1135 3 255 5 100
66498.5 66496.5 1136 3 255 5 100
66623.9 66621.6 1137 3 255 5 100
66691.1 66689.1 1138 3 255 5 100
66940.7 66938.8 1139 3 255 5 100
66959.8 66957.4 1140 3 255 5 100
66980.3 66978.1 1141 3 255 5 100
66999 66996.4 1143 3 255 5 100
67056.7 67054.8 1144 3 255 5 100
67073.8 67071.6 1145 3 255 5 100
67078 67076 1146 3 255 5 100
67137.4 67135.6 1147 3 255 5 100
67184.9 67183 1148 3 255 5 100
67205.3 67203.1 1149 3 255 5 100
67261.9 67260.9 1151 3 255 10 20
67267.5 67266.3 1152 3 255 10 20
67356.5 67355.4 1153 3 255 10 20
67423.7 67422.8 1154 3 255 8 32
67471 67470.2 1155 3 255 10 20
67519.6 67518.9 1156 3 255 10 20
67541.2 67540.3 1157 3 255 10 20
67660.6 67659.3 1158 3 255 8 32
67687.6 67685.1 1160 3 255 10 20
67688.6 67687.3 1161 3 255 10 20
67785.6 67784.9 1162 3 255 10 20
67812.1 67811 1163 3 255 8 32
67826.5 67825.6 1166 3 255 10 20
67866.2 67864.5 1167 3 255 5 100
67917.3 67916.5 1168 3 255 10 20
67946 67945 1169 3 255 10 20
68067.7 68066.7 1170 3 255 10 20
68142.2 68141.3 1171 3 255 10 20
68192.3 68190.9 1172 3 255 10 20
68222.6 68221.6 1173 3 255 10 20
68302.3 68301.4 1174 3 255 10 20
68338.4 68337.8 1175 3 255 10 20
68410.1 68409.2 1176 3 255 10 20
68564.9 68564 1177 3 255 10 20
68619.4 68617.8 1178 3 255 5 100
68642.3 68640.6 1179 3 255 5 100
68677.5 68677 1180 3 255 10 20
68678.5 68677.5 1181 3 255 10 20
68731.2 68730.5 1182 3 255 10 20
68758.5 68757.8 1183 3 255 10 20
68805.5 68804.8 1184 3 255 10 20
68817.9 68817 1185 3 255 10 20
68898.1 68897.3 1186 3 255 10 20
68950.1 68949.2 1187 3 255 10 20
69002.4 69001.6 1188 3 255 10 20
69013 69011.9 1189 3 255 10 20
69153.2 69152.2 1190 3 255 10 20
69317.3 69316.5 1191 3 255 10 20
69341.6 69339.5 1192 3 255 5 100
69374.1 69373.1 1193 3 255 10 20
69415.7 69415.1 1195 3 255 10 20
70530.5 70529.6 1209 3 255 10 20
71051.9 71050.5 1217 3 255 10 20
72173.1 72171.5 1236 3 255 10 20
74192.8 74191 1264 3 255 10 20
77794.9 77793.6 1321 3 255 10 20
77879.7 77878.5 1322 3 255 10 20
77991.2 77989.9 1323 3 255 10 20
78067.5 78066.1 1324 3 255 10 20
78173.1 78171.8 1325 3 255 10 20
78181.1 78179.6 1326 3 255 10 20
78506.1 78504.9 1327 3 255 10 20
78527.4 78526.1 1328 3 255 10 20
78543.4 78538.7 1329 3 255 10 20
78623.6 78622.5 1331 3 255 10 20
78675.6 78674.3 1332 3 255 10 20
78772.5 78771.2 1333 3 255 10 20
78812.4 78811.2 1335 3 255 10 20
78857.8 78856.7 1336 3 255 10 20
78876.6 78875.6 1337 3 255 10 20
79075.7 79074.5 1338 3 255 10 20
79269.8 79268 1339 3 255 10 20
79371.5 79370.4 1340 3 255 10 20
79410.3 79408.2 1341 3 255 5 100
79460.9 79459.7 1342 3 255 10 20
79507.4 79506 1343 3 255 10 20
79516.1 79514.9 1344 3 255 10 20
79519.1 79517.9 1345 3 255 10 20
79526 79524.9 1346 3 255 10 20
79527.1 79525.6 1347 3 255 10 20
79537.3 79536 1348 3 255 10 20
79616.5 79615.6 1349 3 255 10 20
79620.1 79619 1350 3 255 10 20
79680.2 79674.8 1351 3 255 10 20
79726.2 79725.2 1352 3 255 10 20
79777.5 79776.3 1353 3 255 10 20
79811.1 79809.1 1354 3 255 10 20
79837.5 79834.6 1355 3 255 10 20
79845.9 79844.9 1356 3 255 10 20
79881.5 79880.6 1357 3 255 10 20
79891.1 79890.1 1358 3 255 10 20
79898.2 79897 1359 3 255 10 20
79900.9 79899.3 1360 3 255 10 20
80155.3 80154.2 1361 3 255 10 20
80162.4 80160.3 1362 3 255 5 100
80560.4 80559.5 1363 3 255 10 20
80618 80617.1 1364 3 255 10 20
80642.6 80641.6 1365 3 255 10 20
80657.1 80655.6 1366 3 255 10 20
80672.9 80670.5 1368 3 255 10 20
80775.2 80774.2 1369 3 255 10 20
80785 80783.2 1370 3 255 5 100
80798.8 80794.3 1371 3 255 5 100
80876.5 80874.6 1372 3 255 5 100
80907.3 80901.2 1373 3 255 10 20
80914.7 80913.7 1374 3 255 10 20
80916.7 80915.8 1375 3 255 10 20
80944.4 80942.5 1376 3 255 10 20
81021.1 81020 1377 3 255 10 20
81119.5 81118.5 1378 3 255 10 20
81251.3 81250.5 1379 3 255 10 20
81304.8 81304.1 1380 3 255 10 20
81313.5 81312.7 1381 3 255 10 20
81319 81318.4 1382 3 255 10 20
81327.3 81326.5 1383 3 255 10 20
81330.9 81330.1 1384 3 255 10 20
81355.6 81354.8 1385 3 255 10 20
81434 81432.7 1386 3 255 10 20
81542.1 81540.2 1387 3 255 10 20
81584.9 81583.1 1388 3 255 5 100
81603.8 81602.1 1389 3 255 5 100
81701.2 81700.2 1390 3 255 10 20
81882.1 81881.1 1392 3 255 10 20
81907.8 81906.9 1393 3 255 10 20
81916.8 81915.7 1394 3 255 10 20
82014.6 82013.8 1395 3 255 10 20
82016.9 82016.2 1396 3 255 10 20
82176.3 82175.3 1398 3 255 10 20
82302.9 82302.1 1400 3 255 10 20
82526.9 82524.9 1401 3 255 5 100
82535.3 82533.6 1402 3 255 5 100
82711.2 82710.2 1403 3 255 10 20
82786.7 82785.5 1405 3 255 10 20
82802 82800.8 1406 3 255 10 20
82840.6 82839.8 1408 3 255 10 20
83152.9 83152.2 1409 3 255 10 20
83235.6 83234.8 1410 3 255 10 20
83251.1 83248.9 1411 3 255 5 100
83273.8 83271.5 1412 3 255 5 100
85270.2 85267.2 1448 3 255 10 20
88005.1 88002.8 1482 3 255 10 20
90855.4 90851.7 1529 3 255 5 100
91702.5 91700.4 1540 3 255 10 20
91761.9 91760.8 1542 3 255 10 20
91837.9 91836.8 1543 3 255 10 20
91886.2 91885.2 1544 3 255 10 20
92199.2 92197.9 1545 3 255 10 20
92443.1 92442.1 1546 3 255 10 20
92553.7 92552.6 1547 3 255 10 20
92648.9 92647.7 1548 3 255 10 20
92754.8 92753.6 1549 3 255 10 20
92810.3 92809.4 1550 3 255 10 20
92814.8 92813.7 1551 3 255 10 20
92846.8 92845.9 1552 3 255 10 20
92858.5 92857.6 1553 3 255 10 20
92958.9 92956.6 1555 3 255 5 100
92969 92967 1556 3 255 5 100
93060 93057.8 1557 3 255 5 100
93078.2 93076.2 1558 3 255 5 100
93165.2 93163 1559 3 255 5 100
93207.8 93205.6 1560 3 255 5 100
93279.6 93277.7 1561 3 255 5 100
93608.7 93606.5 1562 3 255 5 100
93673.3 93669.6 1563 3 255 5 100
93710.4 93707.8 1564 3 255 5 100
93924.7 93922.6 1566 3 255 5 100
93942.7 93940.9 1567 3 255 5 100
94047.7 94045.3 1568 3 255 5 100
94075.6 94073.3 1569 3 255 5 100
94144.4 94143.5 1570 3 255 10 20
94243.6 94242.3 1571 3 255 10 20
94269.1 94268.2 1572 3 255 10 20
94284.6 94283.6 1573 3 255 10 20
94368.7 94367.5 1574 3 255 10 20
94556.6 94555.7 1575 3 255 10 20
94598.2 94597.3 1576 3 255 10 20
94615 94613.9 1577 3 255 10 20
94723.8 94722.8 1580 3 255 10 20
94820.5 94818.3 1581 3 255 5 100
94907.5 94906.5 1582 3 255 10 20
95074.5 95073.6 1583 3 255 10 20
95106.6 95105.7 1584 3 255 10 20
95271 95270 1585 3 255 10 20
95301.7 95299.1 1586 3 255 10 20
95381.8 95381 1588 3 255 10 20
95414.7 95413.8 1589 3 255 10 20
95550.2 95549.2 1590 3 255 10 20
95742 95740.1 1591 3 255 5 100
95749.2 95748.4 1592 3 255 10 20
95786.4 95785.3 1593 3 255 10 20
95848.1 95846.7 1594 3 255 10 20
95868.7 95867.7 1595 3 255 10 20
95872.7 95871.9 1596 3 255 10 20
95989 95988.1 1597 3 255 10 20
96036.8 96035.9 1598 3 255 10 20
96050.5 96048.1 1599 3 255 10 20
96060.2 96059.3 1600 3 255 10 20
96162.2 96161.1 1601 3 255 10 20
96259.1 96258.1 1602 3 255 10 20
96270.5 96265.9 1603 3 255 10 20
96284.3 96283 1604 3 255 10 20
96401.9 96400.6 1605 3 255 10 20
96512.1 96510.2 1607 3 255 5 100
96549.9 96548.8 1608 3 255 10 20
96584.8 96583.5 1609 3 255 10 20
96692.4 96691.6 1610 3 255 10 20
96708.9 96707.5 1611 3 255 10 20
96717.3 96716.1 1612 3 255 10 20
96839.3 96838.4 1613 3 255 10 20
96901.9 96900.9 1614 3 255 10 20
96936.3 96935.1 1615 3 255 10 20
96994.4 96993.1 1616 3 255 10 20
97062.1 97061.2 1618 3 255 10 20
97091.1 97088.3 1620 3 255 10 20
97096.2 97095.4 1621 3 255 10 20
97104.3 97103.4 1622 3 255 10 20
97138.5 97137.5 1623 3 255 10 20
97341.1 97338.1 1625 3 255 5 100
97479.7 97478.4 1626 3 255 10 20
97494.9 97493.7 1627 3 255 10 20
97517.1 97516.2 1628 3 255 10 20
97528.6 97527.7 1630 3 255 10 20
97532.5 97531.6 1631 3 255 10 20
97543.2 97541.9 1632 3 255 10 20
97627 97626.1 1633 3 255 10 20
97778 97776.7 1634 3 255 10 20
98284 98281.5 1644 3 255 10 20
99193.6 99191.9 1660 3 255 10 20
