239.454 238.044 4 4 255 10 20
316.054 314.456 7 4 255 10 20
505.838 504.616 9 4 255 8 32
565.935 564.753 10 4 255 10 20
576.358 567.305 11 4 255 10 20
600.367 599.181 12 4 255 8 32
616.423 615.285 13 4 255 10 20
695.831 694.493 14 4 255 10 20
697.922 695.925 15 4 255 10 20
720.746 718.471 16 4 255 5 100
779.612 777.404 17 4 255 5 100
800.782 799.749 18 4 255 10 20
830.098 829.009 19 4 255 10 20
837.99 836.862 20 4 255 10 20
908.976 907.958 21 4 255 10 20
981.689 980.229 22 4 255 10 20
1028.67 1027.55 23 4 255 10 20
1178.12 1176.74 24 4 255 10 20
1180.05 1178.53 25 4 255 10 20
1221.19 1219.94 26 4 255 10 20
1351.35 1350.2 27 4 255 10 20
1371.88 1370.68 28 4 255 10 20
1432.7 1430.97 29 4 255 10 20
1547.51 1546.55 30 4 255 10 20
1611.42 1609.58 32 4 255 5 100
1658.44 1656.97 33 4 255 10 20
1752.73 1751.76 34 4 255 10 20
1823.43 1822.59 35 4 255 10 20
1832.75 1831.73 36 4 255 10 20
1865.12 1864.12 37 4 255 10 20
1886.56 1885.65 38 4 255 10 20
1918.39 1917.35 39 4 255 10 20
1929.33 1928.32 40 4 255 10 20
1967.19 1966.07 41 4 255 10 20
2019.95 2018.85 42 4 255 10 20
2126.59 2125.64 43 4 255 10 20
2169.22 2167.91 44 4 255 10 20
2175.63 2174.52 45 4 255 10 20
2244.32 2243.41 47 4 255 10 20
2266.27 2262.98 48 4 255 5 100
2481.72 2480.72 49 4 255 10 20
2556.49 2555.7 50 4 255 10 20
2654.42 2653.49 51 4 255 10 20
2748.93 2747.92 52 4 255 10 20
2807.23 2806.31 53 4 255 10 20
2841.99 2841.26 54 4 255 10 20
2938.06 2937.27 55 4 255 10 20
2973.84 2972.16 56 4 255 5 100
3011.37 3008.56 57 4 255 5 100
3049.4 3047.27 58 4 255 5 100
3064.53 3063.57 59 4 255 10 20
3100.87 3100.08 60 4 255 10 20
3106.01 3104.89 61 4 255 10 20
3204.28 3203.49 62 4 255 10 20
3217.29 3216.31 63 4 255 10 20
3255.44 3254.63 64 4 255 10 20
3271.38 3270.6 65 4 255 10 20
3311.81 3310.86 66 4 255 10 20
3417.91 3416.95 67 4 255 10 20
3618.37 3617.64 68 4 255 10 20
3641.97 3641.17 69 4 255 10 20
3699.57 3698.49 70 4 255 10 20
3819.26 3817.12 71 4 255 5 100
3841.04 3838.94 72 4 255 5 100
3862.91 3861.86 73 4 255 10 20
3907.12 3906.38 74 4 255 10 20
3996.43 3995.75 76 4 255 10 20
4027.78 4026.76 77 4 255 10 20
4042.68 4040.79 78 4 255 10 20
4141.74 4140.84 79 4 255 10 20
4169 4168.11 80 4 255 10 20
4176.32 4175.49 81 4 255 10 20
4224.07 4223.14 82 4 255 10 20
4256.36 4255.69 83 4 255 10 20
4257.5 4256.01 84 4 255 10 20
4288.36 4287.53 85 4 255 10 20
4351.2 4350.31 86 4 255 10 20
4375.92 4374.96 87 4 255 10 20
6084.66 6082.96 121 4 255 10 20
9315.31 9311.76 162 4 255 5 100
13871.9 13870 222 4 255 10 20
13987.9 13986.6 223 4 255 10 20
14002.3 13999.9 224 4 255 10 20
14025.6 14024.4 225 4 255 10 20
14237.5 14235.9 226 4 255 10 20
14311.4 14310.3 227 4 255 10 20
14315.8 14314.5 228 4 255 10 20
14318.3 14316.9 229 4 255 10 20
14444.7 14442.4 231 4 255 5 100
14486.9 14484.4 232 4 255 5 100
14500.5 14498.3 233 4 255 5 100
14532.7 14529.6 235 4 255 5 100
14544.8 14541.6 236 4 255 5 100
14546.8 14544.6 237 4 255 5 100
14635.6 14633.5 238 4 255 5 100
14784.9 14782.7 239 4 255 5 100
14844.4 14841.4 241 4 255 5 100
14991.4 14990.1 243 4 255 10 20
15004.2 15002.9 244 4 255 10 20
15179.8 15178.5 245 4 255 10 20
15392.4 15391.4 247 4 255 10 20
15452.9 15452.2 248 4 255 10 20
15626.7 15625.8 249 4 255 10 20
15683.5 15682.9 250 4 255 10 20
15797.8 15797 252 4 255 10 20
15815.2 15814 253 4 255 10 20
15900 15899.1 254 4 255 10 20
15951.6 15951 255 4 255 10 20
15987.8 15987 256 4 255 10 20
15991.4 15990.5 257 4 255 10 20
16006.8 16005.9 258 4 255 10 20
16038.8 16036.9 259 4 255 10 20
16056.1 16054.3 260 4 255 5 100
16160.1 16159 261 4 255 10 20
16181.3 16180.3 262 4 255 10 20
16203.3 16202.6 263 4 255 10 20
16305.1 16304.4 264 4 255 10 20
16310.1 16309.5 265 4 255 10 20
16339 16338.2 266 4 255 10 20
16451.2 16445.7 267 4 255 10 20
16566.2 16565.4 268 4 255 10 20
16693.6 16687.3 270 4 255 10 20
16726.9 16726.1 271 4 255 10 20
16755.5 16754.8 272 4 255 10 20
16956.8 16954.7 273 4 255 5 100
17014.4 17012.5 275 4 255 5 100
18193.3 18190.7 293 4 255 10 20
18572.2 18570.8 297 4 255 10 20
22041.5 22038.6 368 4 255 5 100
22386.8 22384.7 373 4 255 10 20
24715.3 24713.9 406 4 255 10 20
25545.3 25543.8 416 4 255 10 20
26352.2 26350.7 430 4 255 10 20
26470.1 26469 431 4 255 10 20
26600.6 26599.3 433 4 255 10 20
26736.7 26735.5 434 4 255 10 20
26883.3 26882.1 435 4 255 10 20
26966 26964.9 436 4 255 10 20
26977.6 26976.3 437 4 255 10 20
27004.1 27002.8 438 4 255 10 20
27046.6 27045.1 439 4 255 10 20
27059 27058 440 4 255 10 20
27148 27146.7 441 4 255 10 20
27169.3 27168.3 442 4 255 10 20
27180 27178.6 443 4 255 10 20
27242.9 27241.6 444 4 255 10 20
27274.6 27273.6 445 4 255 10 20
27314.4 27313.1 446 4 255 10 20
27371.1 27370 447 4 255 10 20
27436.4 27435.3 448 4 255 10 20
27453.1 27452 449 4 255 10 20
27667.6 27665.8 450 4 255 10 20
27821.7 27820.6 453 4 255 10 20
27925.2 27923.9 454 4 255 10 20
27972.4 27971 455 4 255 10 20
28007.6 28005.6 456 4 255 5 100
28051.5 28050.2 457 4 255 10 20
28076.3 28074.9 458 4 255 10 20
28179.2 28177.9 459 4 255 10 20
28314.4 28313.4 460 4 255 10 20
28347.5 28345.7 461 4 255 10 20
28379.9 28378.9 463 4 255 10 20
28437.3 28436.1 464 4 255 10 20
28581.5 28580.6 465 4 255 10 20
28593.3 28592.6 466 4 255 10 20
28683 28682.1 468 4 255 10 20
28712.6 28710.8 469 4 255 5 100
28750 28749 470 4 255 10 20
28879.7 28879 471 4 255 10 20
28890.7 28889.7 472 4 255 10 20
28996.2 28995.4 473 4 255 10 20
29033.4 29032.5 474 4 255 10 20
29076.1 29075.4 475 4 255 10 20
29154.1 29153.4 476 4 255 10 20
29186.9 29186 477 4 255 10 20
29204.5 29203.8 478 4 255 10 20
29231.9 29230.9 479 4 255 10 20
29266.2 29265.5 480 4 255 10 20
29348.6 29347.7 481 4 255 10 20
29431.8 29430.2 483 4 255 5 100
29598.8 29598 485 4 255 10 20
29674.3 29673.2 486 4 255 10 20
29827.9 29827.1 487 4 255 10 20
29833.2 29832.3 488 4 255 10 20
29901.6 29900.7 490 4 255 10 20
29950 29949 491 4 255 10 20
29981.2 29978.8 492 4 255 10 20
30049.4 30048.4 494 4 255 10 20
30082.7 30081 495 4 255 5 100
30101.3 30100.6 496 4 255 10 20
30189.5 30188.4 497 4 255 10 20
30262.9 30253.5 499 4 255 10 20
30309.1 30308.4 500 4 255 10 20
31682.1 31680.9 521 4 255 10 20
34253.4 34250.4 568 4 255 10 20
39277.6 39275.3 658 4 255 5 100
39413.5 39411.3 659 4 255 5 100
39486.7 39484.7 660 4 255 5 100
39742 39740.2 661 4 255 5 100
39884.9 39882.7 664 4 255 5 100
39939.3 39937 665 4 255 5 100
40050 40047.7 666 4 255 5 100
40109.1 40107.3 667 4 255 5 100
40163.1 40161 668 4 255 5 100
40174.3 40172.6 669 4 255 5 100
40211.1 40208.7 671 4 255 5 100
40239.6 40237.5 672 4 255 5 100
40325.7 40323.8 673 4 255 5 100
40332.1 40330.3 674 4 255 5 100
40481 40479 676 4 255 5 100
40563.7 40561.1 677 4 255 5 100
40568 40561.5 678 4 255 5 100
40657.8 40655.9 679 4 255 5 100
40797.5 40795.4 680 4 255 5 100
40864.4 40862.2 681 4 255 5 100
40990.1 40987.9 682 4 255 5 100
41010.9 41009 683 4 255 5 100
41114.1 41106.8 685 4 255 5 100
41251.6 41249.4 686 4 255 5 100
41271.1 41269.2 687 4 255 5 100
41442.7 41440.6 688 4 255 5 100
41447.1 41445 689 4 255 5 100
41493.8 41491.7 690 4 255 5 100
41698.2 41695.2 691 4 255 10 20
41710.9 41709.8 692 4 255 10 20
41722.4 41721.4 693 4 255 10 20
41786.7 41785.2 694 4 255 10 20
41793.3 41792.4 695 4 255 10 20
41841.4 41840.6 696 4 255 10 20
41855.7 41854.6 697 4 255 10 20
41932.4 41931.3 698 4 255 10 20
41938.6 41937.4 699 4 255 10 20
42020.8 42018.8 700 4 255 10 20
42045.1 42043.9 701 4 255 10 20
42077.9 42076.9 702 4 255 10 20
42260.5 42259.2 703 4 255 10 20
42561.9 42559.9 705 4 255 5 100
42580.4 42578.3 706 4 255 10 20
42590.7 42589 708 4 255 10 20
42670.4 42669.4 710 4 255 10 20
42751.9 42751 711 4 255 10 20
42784.6 42783.3 712 4 255 10 20
42809.7 42808.6 713 4 255 10 20
42820.7 42819.5 714 4 255 10 20
42826.1 42825 715 4 255 10 20
43056.2 43054.9 720 4 255 8 32
43059.5 43057.7 721 4 255 10 20
43100.5 43099.4 722 4 255 10 20
43131 43129.7 723 4 255 10 20
43135.5 43133.9 725 4 255 10 20
43243.3 43242.1 726 4 255 10 20
43251.3 43250 727 4 255 10 20
43291.8 43289.7 728 4 255 5 100
43365.5 43364.7 729 4 255 10 20
43399.3 43398.5 730 4 255 10 20
43504.1 43503.3 731 4 255 10 20
43533.2 43531 732 4 255 10 20
43534.6 43532.4 733 4 255 10 20
43574.1 43573.2 734 4 255 10 20
43744.5 43743.5 735 4 255 10 20
43814.6 43813.8 737 4 255 10 20
43832.9 43831.8 738 4 255 10 20
43958.5 43957.5 739 4 255 10 20
44093.8 44092.9 740 4 255 10 20
44096.7 44094.6 741 4 255 10 20
44386 44384 743 4 255 5 100
44474.9 44474 744 4 255 10 20
44510.7 44509.5 745 4 255 10 20
44581.7 44580.7 746 4 255 10 20
44613 44612.1 747 4 255 10 20
44635 44634 749 4 255 10 20
44640.1 44638.9 750 4 255 10 20
44685.3 44684.6 751 4 255 10 20
44799.6 44798.6 752 4 255 10 20
44802 44801.2 753 4 255 10 20
44858.8 44857.6 754 4 255 10 20
45055.6 45054.4 755 4 255 10 20
45105.3 45104 756 4 255 10 20
45187.5 45186.1 757 4 255 10 20
45272 45270.1 758 4 255 5 100
45386.3 45385.2 759 4 255 10 20
45467.1 45465.8 760 4 255 10 20
45492.4 45491.1 761 4 255 10 20
45774.1 45772.8 764 4 255 10 20
46610.7 46609 769 4 255 10 20
46769.9 46767.1 772 4 255 5 100
46851.6 46848.6 778 4 255 5 100
47915.8 47914.2 797 4 255 10 20
48406.3 48404.4 805 4 255 10 20
49980.2 49977.6 834 4 255 10 20
50577.2 50574.7 844 4 255 10 20
52922.9 52921.6 885 4 255 10 20
53128.7 53127.7 886 4 255 10 20
53358.5 53356.3 888 4 255 5 100
53372.7 53370.5 890 4 255 5 100
53482.7 53480.8 892 4 255 5 100
53521.1 53519 893 4 255 5 100
53594.3 53592.4 894 4 255 5 100
53611.3 53609.5 895 4 255 5 100
53655.3 53653.2 896 4 255 5 100
53667.5 53665.3 897 4 255 5 100
53704.6 53702.4 898 4 255 5 100
53800.8 53798.9 899 4 255 5 100
53806.5 53804.6 900 4 255 5 100
53918.7 53916.5 901 4 255 5 100
53964.2 53962.4 902 4 255 5 100
53995.9 53993.8 903 4 255 5 100
54164 54162 904 4 255 5 100
54206.7 54205.1 905 4 255 5 100
54238.7 54236.9 906 4 255 5 100
54296 54294.5 907 4 255 10 20
54375.2 54373.9 908 4 255 10 20
54386.3 54385.7 909 4 255 10 20
54451.9 54450.9 910 4 255 10 20
54555.7 54554.7 911 4 255 10 20
54643.2 54642.3 912 4 255 10 20
54652.2 54651 913 4 255 10 20
54653.6 54651.6 914 4 255 10 20
54741.1 54740.1 915 4 255 10 20
54809.4 54808.5 916 4 255 10 20
55132.8 55131.7 917 4 255 10 20
55304.2 55302.3 918 4 255 5 100
55363.8 55362.5 919 4 255 10 20
55442.3 55440.9 920 4 255 10 20
55452.6 55451.3 921 4 255 10 20
55556.5 55555.3 922 4 255 10 20
55689.6 55688.5 923 4 255 10 20
55871 55869.7 925 4 255 10 20
55910.7 55909.4 926 4 255 10 20
55938.4 55937.3 927 4 255 10 20
56016.5 56014.4 928 4 255 5 100
56054.5 56053.3 929 4 255 10 20
56067.9 56066.9 931 4 255 10 20
56080.7 56079.3 932 4 255 10 20
56082.6 56079.5 933 4 255 10 20
56182.8 56181.5 934 4 255 10 20
56299.3 56298.3 936 4 255 10 20
56345.5 56344.1 937 4 255 10 20
56541.7 56540.7 938 4 255 10 20
56634.1 56632.8 939 4 255 10 20
56732.9 56731 940 4 255 5 100
56756.7 56754.8 941 4 255 5 100
56767.9 56766.9 942 4 255 10 20
56959.1 56958.1 944 4 255 10 20
57057.4 57056.4 945 4 255 10 20
57059.9 57058.6 946 4 255 10 20
57209.6 57208.6 947 4 255 10 20
57416.5 57415.6 948 4 255 10 20
57480 57478.2 949 4 255 5 100
57676.9 57676 950 4 255 10 20
57730.3 57728.5 952 4 255 10 20
57951.5 57950.4 954 4 255 10 20
57965.8 57964.7 955 4 255 10 20
57976.3 57975.5 956 4 255 10 20
58082.9 58082 957 4 255 10 20
58109.3 58107.7 958 4 255 5 100
58175.1 58174 960 4 255 10 20
58357.9 58356.4 961 4 255 10 20
58385.5 58384.6 963 4 255 10 20
58399.3 58398.2 964 4 255 10 20
58465.2 58464.4 965 4 255 10 20
58594.7 58590.6 966 4 255 10 20
58679.7 58678.8 967 4 255 10 20
58894 58892.9 968 4 255 10 20
58920.6 58918.5 969 4 255 5 100
58965.5 58964.5 970 4 255 10 20
58983.8 58982.3 971 4 255 10 20
59242.1 59241.1 972 4 255 10 20
59286.2 59284.8 973 4 255 10 20
59366.6 59365.1 974 4 255 10 20
59424.4 59421.8 975 4 255 10 20
62871.9 62869 1031 4 255 5 100
63682.5 63679.6 1047 4 255 5 100
66611.6 66609.3 1106 4 255 10 20
67620.3 67619.1 1119 4 255 10 20
67686.5 67685.1 1120 4 255 10 20
67701 67700.2 1121 4 255 10 20
67709.5 67708.3 1122 4 255 10 20
67712 67708.9 1123 4 255 10 20
67742.9 67741.6 1124 4 255 10 20
67753.4 67752.4 1125 4 255 10 20
67917.8 67916.9 1126 4 255 10 20
67920 67918.5 1127 4 255 10 20
67979.3 67978.3 1128 4 255 10 20
68148.2 68147.2 1129 4 255 10 20
68189.6 68187.8 1130 4 255 10 20
68311.2 68310.2 1131 4 255 10 20
68489 68488.1 1132 4 255 10 20
68545.3 68543.2 1133 4 255 10 20
68556.6 68555.8 1134 4 255 10 20
68574.9 68574 1135 4 255 10 20
68681.7 68681.1 1136 4 255 10 20
68739.9 68739.1 1137 4 255 10 20
68761.9 68761.2 1138 4 255 10 20
68773.3 68772.1 1139 4 255 10 20
68925.8 68924.8 1140 4 255 10 20
69067.6 69066.8 1141 4 255 10 20
69089.1 69087.2 1142 4 255 10 20
69222 69221 1144 4 255 10 20
69247 69246.3 1145 4 255 10 20
69251.6 69250.5 1146 4 255 10 20
69253.8 69251.5 1147 4 255 10 20
69387.4 69385.5 1148 4 255 5 100
69468.5 69466.4 1149 4 255 5 100
69554.7 69553.1 1150 4 255 10 20
69577.7 69576.7 1151 4 255 10 20
69632.6 69631.2 1152 4 255 10 20
69658.6 69657.6 1153 4 255 10 20
69670.2 69669.1 1154 4 255 10 20
69714.3 69712.6 1155 4 255 10 20
69748.4 69747.7 1156 4 255 10 20
69782.1 69781.1 1157 4 255 10 20
69870.5 69869.6 1158 4 255 10 20
69884.9 69883.8 1159 4 255 10 20
69979.6 69978.4 1160 4 255 10 20
70015.9 70014.6 1161 4 255 10 20
70075.6 70074.4 1162 4 255 10 20
70093.2 70092.4 1163 4 255 10 20
70176.6 70174.5 1164 4 255 5 100
70267.7 70266.7 1166 4 255 10 20
70309.9 70308.6 1167 4 255 10 20
70364.1 70362.8 1168 4 255 10 20
70407.9 70407 1169 4 255 10 20
70514.4 70506.3 1170 4 255 10 20
70529.6 70528.8 1171 4 255 10 20
70646.5 70645.4 1174 4 255 10 20
70740.2 70739 1175 4 255 10 20
70743.3 70742 1176 4 255 10 20
70748.2 70746.1 1177 4 255 10 20
70824.9 70823.7 1178 4 255 10 20
70932.4 70930.1 1179 4 255 5 100
70976.2 70970 1180 4 255 10 20
71025.8 71024.5 1181 4 255 10 20
71104.3 71103.3 1182 4 255 10 20
71147.2 71146.2 1183 4 255 10 20
71182.1 71181.2 1184 4 255 10 20
71225.9 71225 1185 4 255 10 20
71245.3 71244.5 1186 4 255 10 20
71268.8 71267.7 1187 4 255 10 20
71335.7 71334.9 1188 4 255 10 20
71364.2 71363.4 1189 4 255 10 20
71435.1 71434.3 1190 4 255 10 20
71471.4 71470.1 1191 4 255 10 20
71525 71523.8 1192 4 255 10 20
71572.3 71571.3 1193 4 255 10 20
71603.3 71602.4 1194 4 255 10 20
71656.7 71655.8 1195 4 255 10 20
71815.6 71813.7 1197 4 255 5 100
71920.6 71919.2 1198 4 255 10 20
72012 72010.7 1199 4 255 10 20
72047.4 72046.4 1200 4 255 10 20
72243 72241.9 1202 4 255 10 20
72335.5 72334.5 1203 4 255 10 20
72418.5 72417.5 1204 4 255 10 20
72436.2 72433.9 1205 4 255 5 100
72538.5 72537.5 1206 4 255 10 20
72541 72539.3 1207 4 255 10 20
72572.4 72571 1208 4 255 10 20
72605.5 72604.1 1209 4 255 10 20
72652.2 72650.9 1210 4 255 10 20
72680.9 72679.9 1211 4 255 10 20
72689.5 72688.4 1212 4 255 10 20
76400.4 76398.4 1272 4 255 10 20
78245.9 78244.4 1306 4 255 10 20
78749.2 78746.5 1314 4 255 10 20
78970.4 78964.4 1319 4 255 10 20
78988.8 78986.2 1320 4 255 10 20
79013.5 79010.9 1322 4 255 10 20
79046 79044.9 1324 4 255 10 20
79183.2 79182.2 1325 4 255 10 20
79250.1 79248.7 1326 4 255 10 20
79303.5 79302.3 1327 4 255 10 20
79471.8 79470.6 1329 4 255 10 20
79490.9 79489.6 1330 4 255 10 20
79522.2 79520.8 1331 4 255 10 20
79629.1 79628.1 1333 4 255 10 20
79691.3 79689.9 1334 4 255 10 20
79806.1 79805.1 1335 4 255 10 20
79831.6 79830.6 1336 4 255 10 20
79867.7 79866.5 1337 4 255 10 20
79930.3 79929.2 1338 4 255 10 20
79943.7 79942.4 1339 4 255 10 20
79979.7 79978.5 1340 4 255 10 20
80071.2 80068.9 1342 4 255 5 100
80079 80077.7 1343 4 255 10 20
80144.5 80143.2 1344 4 255 10 20
80192.5 80191.3 1345 4 255 10 20
80220.5 80219.2 1346 4 255 10 20
80276 80274.7 1347 4 255 10 20
80342.9 80341.9 1348 4 255 10 20
80372.7 80371.3 1349 4 255 10 20
80542 80540.7 1350 4 255 10 20
80608.3 80607.1 1351 4 255 10 20
80629.1 80628.1 1352 4 255 10 20
80688 80686.3 1353 4 255 10 20
80789.3 80786.9 1354 4 255 5 100
80837.3 80836.5 1355 4 255 10 20
80955.3 80954.2 1356 4 255 10 20
81052.6 81051.5 1357 4 255 10 20
81063 81062.1 1358 4 255 10 20
81238.2 81237.1 1359 4 255 10 20
81259.4 81258.6 1360 4 255 10 20
81362.4 81361.4 1361 4 255 10 20
81400.9 81399.8 1362 4 255 10 20
81454.1 81452 1363 4 255 5 100
81458.3 81455.1 1364 4 255 5 100
81465.7 81464.7 1365 4 255 10 20
81473.6 81472.2 1366 4 255 10 20
81650 81649.1 1367 4 255 10 20
81909.1 81907.6 1370 4 255 10 20
81977.2 81976 1371 4 255 10 20
81985.8 81984.8 1372 4 255 10 20
82019 82018 1373 4 255 10 20
82053.3 82052.1 1374 4 255 10 20
82231.4 82230.4 1375 4 255 10 20
82563.3 82561.2 1377 4 255 5 100
82567.6 82566.8 1378 4 255 10 20
82636.4 82635.4 1379 4 255 10 20
82733.3 82732.4 1380 4 255 10 20
82772.3 82771.6 1381 4 255 10 20
82864.7 82863.9 1382 4 255 10 20
83002.7 83001.9 1383 4 255 10 20
83111.6 83110.8 1384 4 255 10 20
83119.9 83119 1385 4 255 10 20
83157.2 83152.3 1386 4 255 10 20
83172.4 83171.3 1387 4 255 10 20
83173.8 83172.4 1388 4 255 10 20
83276 83272.3 1389 4 255 5 100
83477 83475.8 1390 4 255 10 20
83491.4 83489.3 1391 4 255 10 20
83605.5 83604.6 1392 4 255 10 20
83645.5 83644.5 1393 4 255 10 20
83698.8 83697.8 1394 4 255 10 20
83761.5 83760.3 1395 4 255 10 20
83937.1 83936.1 1396 4 255 10 20
83973 83970.8 1397 4 255 5 100
84055.6 84053.3 1399 4 255 5 100
84064.6 84061.5 1400 4 255 5 100
84086 84084 1401 4 255 5 100
84213.9 84211.9 1403 4 255 5 100
84372.5 84371.6 1404 4 255 10 20
84400.6 84399.7 1406 4 255 10 20
84424.3 84423.5 1407 4 255 10 20
84636.4 84631.9 1408 4 255 10 20
84640.3 84639.1 1409 4 255 10 20
84674 84673 1410 4 255 10 20
84718.3 84717.3 1411 4 255 10 20
84745.2 84744.1 1412 4 255 10 20
85012.7 85011.4 1417 4 255 10 20
88710.3 88707.6 1466 4 255 10 20
88721.1 88719.2 1467 4 255 10 20
90176.2 90173.2 1494 4 255 10 20
92077.9 92076.8 1530 4 255 10 20
92156 92154.8 1531 4 255 10 20
92184.4 92183.2 1532 4 255 10 20
92248.2 92246.9 1533 4 255 10 20
92275.4 92274.5 1534 4 255 10 20
92292.8 92291.5 1535 4 255 10 20
92325.4 92324.4 1536 4 255 10 20
92381.3 92380.1 1537 4 255 10 20
92394.6 92393.6 1538 4 255 10 20
92465.1 92463.9 1539 4 255 10 20
92597.2 92596.2 1540 4 255 10 20
92600.2 92599.1 1541 4 255 10 20
92701.7 92700.9 1542 4 255 10 20
92747.9 92746.7 1543 4 255 10 20
92871.3 92870.2 1544 4 255 10 20
92908.7 92907.4 1545 4 255 10 20
92979.4 92978.1 1546 4 255 10 20
93083.1 93081.7 1547 4 255 10 20
93106.4 93105.3 1548 4 255 10 20
93201 93199.1 1549 4 255 5 100
93214.9 93213.9 1550 4 255 10 20
93320.3 93319.3 1551 4 255 10 20
93516.8 93516 1552 4 255 10 20
93520.8 93520 1553 4 255 10 20
93664.3 93663.3 1554 4 255 10 20
93729.6 93728.6 1556 4 255 10 20
93856.5 93855.4 1558 4 255 10 20
93867.7 93865.8 1559 4 255 5 100
93953.7 93952.7 1561 4 255 10 20
93968.9 93968.1 1562 4 255 10 20
93995.5 93994.4 1563 4 255 8 32
94025.6 94024.7 1564 4 255 10 20
94044.8 94043.6 1565 4 255 10 20
94309.8 94308.6 1567 4 255 10 20
94531.7 94530.5 1569 4 255 10 20
94660.5 94658.5 1570 4 255 5 100
94685.5 94683.6 1571 4 255 5 100
94832.7 94831.5 1572 4 255 10 20
94842.8 94841.8 1573 4 255 10 20
94852.1 94851 1574 4 255 10 20
94957 94956 1575 4 255 10 20
95020.6 95019.6 1578 4 255 10 20
95063.7 95062.4 1580 4 255 10 20
95069.7 95068.5 1581 4 255 10 20
95165.7 95164.6 1582 4 255 10 20
95206.8 95205.9 1583 4 255 10 20
95277.2 95276.3 1584 4 255 10 20
95287.1 95286 1585 4 255 10 20
95298.4 95296.5 1586 4 255 5 100
95481.5 95480.7 1587 4 255 10 20
95507.9 95506.9 1588 4 255 10 20
95522.5 95521.1 1589 4 255 10 20
95534.6 95533.8 1590 4 255 10 20
95567.2 95566 1591 4 255 10 20
95635.5 95634.5 1592 4 255 10 20
95806.8 95805.9 1593 4 255 10 20
95846.7 95845.6 1594 4 255 10 20
96024.4 96023.3 1596 4 255 10 20
96042.7 96040.7 1597 4 255 5 100
96110.6 96108.8 1598 4 255 5 100
96266.3 96264.4 1599 4 255 5 100
96372.6 96371.3 1600 4 255 10 20
96394 96392.1 1601 4 255 10 20
96435.4 96433.6 1602 4 255 10 20
96494.9 96493.6 1604 4 255 10 20
96504.2 96503 1605 4 255 10 20
96634.1 96633 1606 4 255 10 20
96707.4 96705.3 1607 4 255 10 20
96720.4 96719.3 1608 4 255 10 20
96806.8 96805.7 1609 4 255 10 20
96858.1 96857.2 1610 4 255 10 20
96897.8 96896.8 1611 4 255 10 20
97237.5 97235.2 1612 4 255 5 100
97273.6 97272.5 1613 4 255 10 20
97426.4 97425.3 1614 4 255 10 20
97621.1 97620.2 1615 4 255 10 20
97672 97670.8 1616 4 255 10 20
97701.8 97700.8 1617 4 255 10 20
98572.7 98571.7 1630 4 255 10 20
