51.0816 48.7131 1 254 4 5 97 2.36847 2.29639
373.347 316.054 2 252 4 7 11 57.2927 1.5982
514.133 505.838 3 252 4 8 9 8.29494 1.22192
573.018 565.935 4 252 4 7 11 7.0829 1.18205
581.557 576.358 5 252 4 7 11 5.19895 9.05266
604.08 600.367 6 252 4 8 9 3.71223 1.18596
701.138 695.831 7 252 4 6 11 5.30678 1.33823
702.332 697.922 8 252 4 6 11 4.40973 1.9972
782.215 779.612 10 252 4 5 97 2.60323 2.20718
1548.63 1547.51 12 252 4 6 11 1.12701 0.957663
1613.5 1611.42 13 252 4 5 97 2.08315 1.84272
2255.72 2244.32 14 252 4 6 11 11.4026 0.915505
2268.54 2266.27 15 252 4 5 97 2.26869 3.29132
2939.6 2938.06 16 252 4 6 11 1.54219 0.793428
3051.6 3049.4 19 252 4 5 97 2.19667 2.13272
3700.33 3699.57 20 252 4 6 11 0.765961 1.07628
3843.22 3841.04 22 252 4 5 97 2.18152 2.10284
5494.61 5492.42 23 253 4 6 11 2.1865 0.941725
5500.99 5499.14 24 253 4 5 97 1.84683 2.12001
6836.82 6835.2 29 253 4 6 11 1.62313 1.05411
6841.43 6839.22 30 253 4 6 11 2.20851 4.39752
7763.65 7760.49 32 253 4 5 97 3.16577 2.68355
8751.39 8749.2 33 253 4 6 11 2.18625 2.02208
9560.15 9557.43 34 253 4 5 97 2.72418 3.5016
9698.99 9696.72 35 254 4 7 11 2.27366 1.17884
10040.5 10039 37 254 4 7 11 1.52504 1.9701
10261.7 10260.7 38 254 4 6 11 1.08224 1.60735
10380.8 10378.4 40 254 4 5 97 2.35038 2.1539
11121.2 11120.2 42 254 4 6 11 1.00163 1.17921
11222 11219.5 44 254 4 5 97 2.46644 1.88812
11884 11883 45 254 4 6 11 0.988247 1.20525
11921.1 11919.2 46 254 4 5 97 1.91214 2.27411
12539.2 12538.2 47 254 4 6 11 1.05086 1.22919
12696.4 12693.6 50 254 4 5 97 2.78113 2.12766
13447.5 13445.9 51 254 4 6 11 1.52096 1.27241
13532.4 13529.7 53 254 4 5 97 2.66084 2.3335
14357.9 14356.3 54 254 4 6 11 1.65336 1.63075
14865.5 14863.1 55 254 4 5 97 2.3724 3.28329
16040.1 16038.8 56 252 4 6 11 1.28754 1.897
16058.4 16056.1 57 252 4 5 97 2.33443 1.82892
16757 16755.5 60 252 4 6 11 1.5468 0.66958
17016.2 17014.4 62 252 4 5 97 1.80408 1.91146
18573.6 18572.2 64 252 4 6 11 1.47712 1.37637
19017.4 19015.3 65 253 4 5 97 2.07841 2.03893
19625.4 19623.7 66 253 4 6 11 1.71297 1.1818
19655.9 19653.5 67 253 4 5 97 2.33498 2.04722
20306.9 20300.8 68 253 4 6 11 6.08381 1.27886
20312.6 20310 69 253 4 5 97 2.57601 2.51539
21156 21153.1 71 254 4 6 11 2.89545 1.28996
21256.6 21254.3 73 254 4 5 97 2.26295 2.23828
21857.2 21855.5 74 254 4 6 11 1.71192 1.00041
22060.2 22058.1 76 254 4 5 97 2.07343 2.33947
22703.8 22702.8 77 254 4 6 11 0.97205 1.26411
22966.8 22965 78 254 4 5 97 1.85298 2.11865
23595.3 23594.2 79 254 4 6 11 1.05578 2.30518
23754.9 23742 81 254 4 5 97 12.914 1.79023
24373 24371.9 82 254 4 6 11 1.06048 0.886077
24405 24402.8 83 254 4 5 97 2.25631 2.13469
25047.2 25046.3 84 254 4 6 11 0.955713 0.839061
25121.9 25119.6 85 254 4 5 97 2.24841 1.7936
25899.2 25898.2 87 254 4 6 11 0.952607 0.934393
25998.4 25995.1 89 254 4 5 97 3.32772 10.6158
26003.3 26000.9 90 254 4 5 97 2.46396 3.63609
27974.4 27972.4 91 252 4 6 11 2.0785 1.32452
28016.2 28007.6 92 252 4 5 97 8.62485 2.04577
28683.7 28683 93 252 4 6 11 0.685443 0.945913
28715.1 28712.6 94 252 4 5 97 2.51128 1.82233
29353.7 29348.6 95 252 4 6 11 5.04944 0.947149
29434.7 29431.8 96 252 4 5 97 2.80971 1.6247
30051 30049.4 97 252 4 6 11 1.61294 1.03557
30084.7 30082.7 98 252 4 5 97 1.97275 1.7294
31733.9 31733.1 100 253 4 6 11 0.859057 0.899532
31795.8 31793.6 102 253 4 5 97 2.20881 1.86719
32427.4 32426.1 103 253 4 6 11 1.25336 0.953011
32734.9 32732.2 104 253 4 5 97 2.69774 2.06185
33438.2 33435.3 105 253 4 6 11 2.89288 1.12418
33617.3 33614.3 106 253 4 5 97 2.98429 2.57317
34038.4 34037 107 254 4 7 11 1.40835 1.20757
34080.8 34079.3 108 254 4 8 9 1.47517 1.5829
34258.2 34250.6 109 254 4 6 11 7.57972 1.44009
34296.9 34294.2 110 254 4 5 97 2.73622 2.44988
34910.1 34908.9 111 254 4 6 11 1.22351 1.53324
35017.9 35014.3 114 254 4 5 97 3.59746 2.06725
35724.6 35723.6 115 254 4 6 11 0.999012 0.945265
35748.8 35746.5 116 254 4 5 97 2.27587 2.25428
36457.8 36456.7 118 254 4 6 11 1.07472 1.22119
36523.5 36521.2 119 254 4 5 97 2.27332 2.45428
37136.1 37134.1 120 254 4 6 11 2.02007 1.27901
37149.6 37145.3 121 254 4 5 97 4.36587 3.15722
37754 37752.6 122 254 4 6 11 1.38388 1.1214
37784.5 37781.9 123 254 4 5 97 2.56772 1.80091
38393.9 38392.3 124 254 4 6 11 1.63523 1.09455
38494.2 38492.1 125 254 4 5 97 2.13805 1.90381
39104.8 39103.5 126 254 4 6 11 1.27918 1.00523
41495.9 41493.8 128 252 4 5 97 2.04556 2.19136
42262.6 42260.5 129 252 4 6 11 2.10994 1.28557
42564.4 42561.9 130 252 4 5 97 2.45058 2.00574
43008.5 43006.4 131 254 4 7 11 2.04847 1.95807
43252.3 43251.3 132 252 4 6 11 1.04649 1.23462
43294.5 43291.8 133 252 4 5 97 2.62632 2.0899
44095.7 44093.8 135 252 4 6 11 1.87556 0.915524
44098.4 44096.7 136 252 4 6 11 1.63863 2.1151
44387.8 44386 137 252 4 5 97 1.83225 1.97076
45188.9 45187.5 140 252 4 6 11 1.43611 1.3842
45274.6 45272 141 252 4 5 97 2.59059 1.88721
46612.1 46610.7 142 252 4 6 11 1.34194 1.67971
46854.3 46851.6 144 252 4 5 97 2.61017 3.08986
47473.5 47471.9 145 254 4 6 11 1.69031 1.35932
47537.5 47534.5 147 254 4 5 97 2.9982 1.97396
48150.8 48149.8 148 254 4 6 11 1.00488 0.974475
48319 48316.7 149 254 4 5 97 2.27275 2.39989
48933.7 48932.1 150 254 4 6 11 1.52201 0.962511
49059.6 49057.6 152 254 4 5 97 2.06634 2.33632
49674.6 49673.4 153 254 4 6 11 1.20164 1.52393
49729.5 49721.2 154 254 4 5 97 8.3506 2.5767
50375.4 50374.3 155 254 4 6 11 1.10109 1.37713
50388.9 50386.3 156 254 4 5 97 2.52119 2.08497
51025.8 51024.7 157 254 4 6 11 1.09824 1.1577
51095.8 51093.6 158 254 4 5 97 2.18082 2.14947
51725.9 51724.1 159 254 4 6 11 1.78312 1.31612
51751.5 51749.3 160 254 4 5 97 2.17284 1.83779
52380.9 52374.4 161 254 4 6 11 6.46664 1.19956
52404 52401.8 163 254 4 5 97 2.21331 2.91892
53344.2 53341.1 165 254 4 6 11 3.1102 1.92837
54240.7 54238.7 167 252 4 5 97 1.972 1.8458
55133.6 55132.8 168 252 4 6 11 0.829385 1.12922
55306.1 55304.2 169 252 4 5 97 1.93229 1.8408
55939.5 55938.4 171 252 4 6 11 1.0859 1.05964
56018.6 56016.5 172 252 4 5 97 2.10854 2.08966
56635.3 56634.1 173 252 4 6 11 1.23357 1.26332
56758.7 56756.7 175 252 4 5 97 2.03697 1.87122
57417.2 57416.5 176 252 4 6 11 0.73468 0.907251
57482.2 57480 177 252 4 5 97 2.17368 1.81779
58083.7 58082.9 178 252 4 6 11 0.848516 0.816984
58111.4 58109.3 179 252 4 5 97 2.00578 1.68209
58895 58894 180 252 4 6 11 0.938014 1.1327
58922.6 58920.6 181 252 4 5 97 2.02267 2.02704
60552.1 60550.9 182 254 4 6 11 1.15513 1.23605
60581.6 60579.5 183 254 4 5 97 2.14784 2.14435
61219.9 61218.1 184 254 4 6 11 1.79825 1.08987
61238.6 61235.7 185 254 4 5 97 2.84308 2.12603
62010.1 62009.3 187 254 4 6 11 0.894569 0.699122
62037.7 62030.9 188 254 4 5 97 6.783 1.84828
62860.1 62858.9 189 254 4 6 11 1.29053 1.67042
62888.9 62873.5 190 254 4 5 97 15.4099 2.52493
62892.7 62891.7 191 254 4 7 11 0.962261 1.80134
62896.2 62895.2 192 254 4 8 9 0.965273 1.35071
62960.8 62959.5 193 254 4 7 11 1.27379 1.09382
63019.1 63017.3 194 254 4 8 9 1.76172 1.10274
63161.2 63159.6 195 254 4 7 11 1.59666 1.19898
63560.3 63558.8 198 254 4 6 11 1.54109 1.28903
63734 63730.1 200 254 4 5 97 3.92099 2.10621
64365.1 64362.1 202 254 4 6 11 3.01439 1.31815
64541.8 64539.2 206 254 4 5 97 2.57279 2.4196
65285.1 65283.8 207 254 4 6 11 1.31329 1.45967
65295 65292.8 208 254 4 5 97 2.17031 2.40507
65916.3 65915.1 209 254 4 6 11 1.16542 1.10675
65941 65937.4 210 254 4 5 97 3.65074 2.09791
69252.6 69251.6 211 252 4 6 11 0.996963 1.03704
69258 69253.8 212 252 4 6 11 4.16701 2.37474
69470.3 69468.5 214 252 4 5 97 1.80163 2.13544
70094.3 70093.2 216 252 4 6 11 1.07803 0.85408
70179.3 70176.6 217 252 4 5 97 2.6714 2.05292
70826.1 70824.9 218 252 4 6 11 1.18719 1.24835
70934.4 70932.4 219 252 4 5 97 1.98306 2.33386
71657.9 71656.7 222 252 4 6 11 1.20398 0.84067
71817.7 71815.6 223 252 4 5 97 2.16259 1.89752
72421.6 72418.5 224 252 4 6 11 3.11427 1.05421
72440.4 72436.2 225 252 4 5 97 4.23172 2.24856
73884.7 73883.9 226 254 4 6 11 0.798036 1.20725
73908.4 73906.4 227 254 4 5 97 1.97051 2.06378
74510.9 74508.4 228 254 4 6 11 2.52519 2.11961
74574.2 74572.2 229 254 4 5 97 2.05469 1.99638
75213.1 75208.8 230 254 4 6 11 4.31207 7.23773
75298.8 75296.5 231 254 4 5 97 2.28699 2.08106
76009.2 76004.6 232 254 4 6 11 4.6123 1.61672
76157.8 76155.4 234 254 4 5 97 2.38102 2.38216
76778.8 76777.8 235 254 4 6 11 1.03037 1.3835
76934.9 76932.8 237 254 4 5 97 2.08365 2.36902
77543.8 77542.6 238 254 4 6 11 1.19173 1.07323
77647.4 77645.4 239 254 4 5 97 1.97468 1.88285
78275.6 78274.6 240 254 4 6 11 1.0058 1.02606
78419.6 78416.6 243 254 4 5 97 2.99934 2.10601
79981.3 79979.7 246 252 4 6 11 1.60846 1.27272
80074.2 80071.2 247 252 4 5 97 3.00807 2.30722
80688.8 80688 248 252 4 6 11 0.825586 1.66179
80791.3 80789.3 249 252 4 5 97 1.96109 2.42008
81402.1 81400.9 250 252 4 6 11 1.25602 1.04196
81456.3 81454.1 251 252 4 5 97 2.22306 2.06647
81460.5 81458.3 252 252 4 5 97 2.18581 3.14378
82232.7 82231.4 253 252 4 6 11 1.30796 1.0401
82565.3 82563.3 254 252 4 5 97 2.04405 2.13324
83175.5 83173.8 256 252 4 6 11 1.73102 1.42162
83281.1 83276 257 252 4 5 97 5.0851 3.6987
83938.8 83937.1 258 252 4 6 11 1.7149 1.02687
84216.3 84213.9 263 252 4 5 97 2.43536 1.92666
85014.1 85012.7 264 252 4 6 11 1.45078 1.22988
87062.9 87060.7 266 254 4 5 97 2.26469 2.10713
87736.1 87734.7 268 254 4 6 11 1.34902 1.32965
88087.7 88085.3 269 254 4 5 97 2.47808 2.55589
88836.9 88835.5 270 254 4 6 11 1.47232 1.34806
88925.5 88923.1 271 254 4 5 97 2.37474 2.29659
89565 89564 272 254 4 6 11 1.02178 1.17317
89569.9 89567.9 273 254 4 5 97 2.05219 2.07369
89575.3 89572.4 274 254 4 5 97 2.9078 3.40331
90214.1 90212.1 275 254 4 6 11 2.00638 1.28125
90226 90223.2 276 254 4 5 97 2.82875 1.99216
90828.8 90827.2 277 254 4 6 11 1.62234 1.3021
90952.8 90949.3 280 254 4 5 97 3.49138 2.27891
91585.9 91584 281 254 4 6 11 1.8217 1.04433
91758.4 91756.2 283 254 4 5 97 2.17371 2.36611
93107.3 93106.4 286 252 4 6 11 0.920017 1.08795
93202.7 93201 287 252 4 5 97 1.77614 1.85136
93857.5 93856.5 288 252 4 6 11 0.991001 1.01238
93882.1 93867.7 289 252 4 5 97 14.3547 1.95207
93969.9 93968.9 291 252 4 7 11 1.05384 0.755569
94310.8 94309.8 293 252 4 7 11 0.92647 1.20931
94532.5 94531.7 294 252 4 6 11 0.839416 1.19368
94688.3 94685.5 296 252 4 5 97 2.81633 1.84112
95288.4 95287.1 297 252 4 6 11 1.36232 1.01184
95300.6 95298.4 298 252 4 5 97 2.23726 1.88161
96026 96024.4 299 252 4 6 11 1.60677 1.08616
96269 96266.3 302 252 4 5 97 2.65083 1.87987
96898.9 96897.8 303 252 4 6 11 1.05741 0.982757
97240.2 97237.5 304 252 4 5 97 2.75684 2.26629
99663.5 99656.3 305 254 4 6 11 7.20739 0.895067
99707.1 99705.1 306 254 4 5 97 2.00753 1.98112
