120.878 119.491 5 2 255 10 20
1207.64 1205.58 24 2 255 10 20
1884 1881.75 41 2 255 5 100
2134.05 2132.65 49 2 255 10 20
2347.25 2346.09 51 2 255 10 20
2355.67 2353.08 52 2 255 10 20
2401.58 2400.55 53 2 255 10 20
2407.12 2405.95 54 2 255 10 20
2464.24 2463.28 55 2 255 10 20
2508.97 2507.57 56 2 255 10 20
2520.63 2519.26 57 2 255 10 20
2653.49 2651.46 60 2 255 5 100
2715.21 2713.27 61 2 255 5 100
2766.17 2763.97 62 2 255 5 100
2807.71 2805.39 63 2 255 5 100
2966.28 2964.14 64 2 255 5 100
2986.76 2984.74 65 2 255 5 100
3036.53 3034.65 66 2 255 5 100
3155.32 3153.39 67 2 255 5 100
3190.13 3188.94 68 2 255 10 20
3519.48 3518.33 70 2 255 10 20
3542.09 3541.01 71 2 255 10 20
3641.15 3639.27 72 2 255 10 20
3645.8 3644.65 73 2 255 10 20
3826.63 3825.73 74 2 255 10 20
3998.32 3995.53 76 2 255 10 20
4087.13 4085.22 77 2 255 5 100
4114.27 4112.4 78 2 255 5 100
4129.49 4127.67 79 2 255 5 100
4187.64 4186.38 80 2 255 10 20
4266.78 4265.85 82 2 255 10 20
4432.79 4431.76 83 2 255 10 20
4453.48 4452.61 84 2 255 10 20
4493.89 4492.92 85 2 255 10 20
4513.32 4512.23 86 2 255 10 20
4521.48 4520.26 87 2 255 10 20
4525.61 4524.56 88 2 255 10 20
4676.22 4675 91 2 255 10 20
4863.11 4862.03 92 2 255 10 20
5083.52 5081.22 93 2 255 5 100
5146.72 5145.41 94 2 255 10 20
5150.42 5149.21 95 2 255 10 20
5159.38 5158.46 96 2 255 10 20
5206.63 5205.27 97 2 255 10 20
5250.38 5249.16 98 2 255 10 20
5269.13 5268.21 99 2 255 10 20
5273.77 5272.41 100 2 255 10 20
5485.34 5483.32 102 2 255 10 20
5624.88 5623.83 104 2 255 10 20
5667.39 5665.12 105 2 255 10 20
5693.29 5670.44 106 2 255 10 20
5717.53 5714.11 107 2 255 5 100
5743.8 5742.76 108 2 255 10 20
5753.29 5752.19 109 2 255 10 20
5942.28 5940.72 110 2 255 10 20
6083.51 6081.24 112 2 255 10 20
6141.25 6140.5 113 2 255 10 20
6173.6 6172.44 114 2 255 10 20
6192.76 6191.92 115 2 255 10 20
6326.46 6325.65 116 2 255 10 20
6633.19 6630.81 119 2 255 5 100
7380.23 7378.38 127 2 255 10 20
7709.16 7706.13 137 2 255 5 100
7835.3 7833.82 138 2 255 10 20
9288.83 9285.75 160 2 255 5 100
13992.2 13990.4 240 2 255 10 20
15045.1 15043.7 257 2 255 10 20
15078.3 15077.1 258 2 255 10 20
15079.2 15077.6 259 2 255 10 20
15210.9 15209.8 260 2 255 10 20
15274 15272.5 261 2 255 10 20
15357.4 15356.3 262 2 255 10 20
15397.2 15396.1 263 2 255 10 20
15512.4 15511.2 264 2 255 10 20
15615.5 15611.5 265 2 255 10 20
15903.8 15902.6 266 2 255 10 20
16128.3 16126.9 268 2 255 10 20
16133.7 16132.1 269 2 255 10 20
16136.2 16135.3 270 2 255 10 20
16149 16147.9 271 2 255 10 20
16156.5 16155.4 272 2 255 10 20
16233.4 16232.4 273 2 255 10 20
16287.2 16286.1 274 2 255 10 20
16453.3 16452.1 275 2 255 10 20
16569.4 16568.4 276 2 255 10 20
16594.1 16592 277 2 255 5 100
16631.8 16629.8 278 2 255 5 100
16713 16712 279 2 255 10 20
16773.7 16772.6 280 2 255 10 20
16886 16885.2 281 2 255 10 20
16891.5 16890.3 282 2 255 10 20
16955.5 16954.6 283 2 255 10 20
17053.8 17052.7 285 2 255 10 20
17095.8 17094.7 286 2 255 10 20
17106.4 17105.6 287 2 255 10 20
17136.2 17135.2 288 2 255 10 20
17243.3 17241.6 289 2 255 10 20
17255.3 17253.5 290 2 255 5 100
17487.2 17486.5 291 2 255 10 20
17651 17649.8 292 2 255 10 20
17827.9 17826.9 293 2 255 10 20
17880.6 17879.6 295 2 255 10 20
18074.6 18073.8 296 2 255 10 20
18090.7 18088.8 297 2 255 5 100
18175.9 18174.3 299 2 255 10 20
18197.2 18196.2 300 2 255 10 20
18347.3 18346.7 301 2 255 10 20
18354.1 18353.4 302 2 255 10 20
18450.9 18449.9 303 2 255 10 20
18484.6 18483.5 304 2 255 10 20
18498.5 18497.8 305 2 255 10 20
18514.8 18513.9 306 2 255 10 20
18865.1 18863.9 309 2 255 10 20
19582.9 19580.5 324 2 255 5 100
21619.4 21617.5 359 2 255 10 20
21769.5 21766.6 361 2 255 5 100
24756.9 24753.5 417 2 255 10 20
25851.8 25850.1 437 2 255 10 20
26468.7 26466.7 449 2 255 10 20
28223.7 28213.3 481 2 255 10 20
28717.2 28715.5 490 2 255 10 20
28747 28745.5 491 2 255 10 20
28873.7 28869.4 492 2 255 10 20
28977.3 28974.8 495 2 255 5 100
29014.5 29012 496 2 255 5 100
29146 29143.7 497 2 255 5 100
29154.5 29152.1 498 2 255 5 100
29212.2 29209.8 500 2 255 5 100
29310.8 29308.8 501 2 255 5 100
29467.2 29465.1 503 2 255 5 100
29477.3 29475.1 504 2 255 5 100
29555.2 29552.8 505 2 255 5 100
29830.9 29828.6 507 2 255 5 100
29858.7 29857.3 508 2 255 10 20
29917.1 29916.2 509 2 255 10 20
29949.2 29947.9 510 2 255 10 20
30015.5 30014.2 511 2 255 10 20
30106.7 30105.7 513 2 255 10 20
30134.3 30133 514 2 255 10 20
30242 30241 516 2 255 10 20
30322.2 30321 518 2 255 10 20
30327.5 30326.3 519 2 255 10 20
30366.1 30365.4 520 2 255 10 20
30428.9 30428.1 521 2 255 10 20
30613 30612 523 2 255 10 20
30709 30707.2 525 2 255 5 100
30742.7 30740.2 526 2 255 5 100
31035.6 31035 530 2 255 10 20
31082 31081.1 531 2 255 10 20
31082.9 31082 532 2 255 10 20
31092.9 31092 533 2 255 10 20
31128.6 31127.5 534 2 255 10 20
31200.5 31198.7 535 2 255 10 20
31251.7 31251 536 2 255 10 20
31494.6 31493.6 537 2 255 10 20
31507 31506 538 2 255 10 20
31612.3 31611.6 539 2 255 10 20
31688.3 31687.2 541 2 255 10 20
31692.8 31687.6 542 2 255 10 20
31753.3 31752.5 543 2 255 10 20
31798 31797.4 544 2 255 10 20
31814.5 31813.7 545 2 255 10 20
31857.4 31856.6 546 2 255 10 20
31874 31873.1 547 2 255 10 20
32002.5 32001.5 548 2 255 10 20
32038.4 32037.5 549 2 255 10 20
32240.3 32239.5 552 2 255 10 20
32386.1 32384.4 559 2 255 10 20
32438.9 32435 562 2 255 10 20
33236 33233 576 2 255 5 100
33341.6 33339.7 579 2 255 10 20
34048.6 34046.8 586 2 255 10 20
39256.5 39253.9 658 2 255 10 20
39307 39304.5 659 2 255 10 20
39936.7 39934.9 666 2 255 10 20
39962 39960.6 668 2 255 10 20
40397.4 40395.2 675 2 255 5 100
40566.8 40564.6 676 2 255 5 100
40686.7 40684.4 677 2 255 5 100
40696.6 40694.5 678 2 255 5 100
40713.7 40711.5 679 2 255 5 100
40731.3 40729 680 2 255 5 100
40770.2 40767.9 681 2 255 5 100
40783.4 40781.2 682 2 255 5 100
40833 40830.5 683 2 255 5 100
40908.8 40906.8 684 2 255 5 100
40916.7 40914.3 685 2 255 5 100
40927.7 40925.7 686 2 255 5 100
40937.5 40935.2 687 2 255 5 100
40997.1 40995.7 689 2 255 10 20
41202.6 41201.2 690 2 255 10 20
41235.6 41234.6 691 2 255 10 20
41261.2 41260.2 692 2 255 10 20
41376.7 41375.6 694 2 255 10 20
41441.1 41439.8 695 2 255 10 20
41495 41493.8 696 2 255 10 20
41619.7 41618.8 697 2 255 10 20
41952.5 41950.4 701 2 255 5 100
41969.1 41967.2 702 2 255 5 100
42070 42068 703 2 255 5 100
42097.1 42094.3 705 2 255 5 100
42117.9 42115.5 707 2 255 5 100
42163.6 42161.1 709 2 255 5 100
42173.2 42171.1 710 2 255 5 100
42208.1 42205.9 711 2 255 5 100
42223.8 42221.6 713 2 255 5 100
42238.4 42236.3 714 2 255 5 100
42244 42240.7 715 2 255 5 100
42295.8 42293.7 716 2 255 5 100
42357.3 42354.9 717 2 255 5 100
42424.8 42422.8 718 2 255 5 100
42467.8 42448.2 719 2 255 10 20
42470.2 42469.1 721 2 255 10 20
42543.1 42542.1 722 2 255 10 20
42686.7 42681 723 2 255 10 20
42750.4 42749.4 724 2 255 10 20
42825 42823.8 725 2 255 10 20
42830.1 42828.9 726 2 255 10 20
42854 42852.7 727 2 255 10 20
43142.5 43141.3 728 2 255 10 20
43150.6 43148.6 729 2 255 5 100
43181.2 43180.2 730 2 255 10 20
43356.7 43355.8 731 2 255 10 20
43372.1 43371.2 732 2 255 10 20
43408 43406.9 733 2 255 10 20
43422.1 43420.9 734 2 255 10 20
43477.5 43476.5 735 2 255 10 20
43493.2 43489.7 736 2 255 10 20
43561.5 43560.8 737 2 255 10 20
43581 43580.1 738 2 255 10 20
43641.1 43639.2 739 2 255 10 20
43718.7 43717.8 740 2 255 10 20
43736 43734.5 741 2 255 10 20
43799.7 43799.1 743 2 255 10 20
43836.9 43835.2 744 2 255 5 100
43856.5 43854.7 745 2 255 5 100
43925.4 43924.8 746 2 255 10 20
44247.3 44246.4 748 2 255 10 20
44275.4 44274.5 749 2 255 10 20
44291.9 44291 750 2 255 10 20
44328.8 44327.9 751 2 255 10 20
44413.8 44413.2 752 2 255 10 20
44471.1 44470.1 753 2 255 10 20
44491.6 44489.5 754 2 255 5 100
44597.9 44597.4 755 2 255 10 20
44616.6 44615.8 756 2 255 10 20
44667.6 44667 757 2 255 10 20
44682 44681.2 758 2 255 10 20
44840.5 44839.6 760 2 255 10 20
44848.1 44847.3 761 2 255 10 20
45099.7 45098.5 762 2 255 10 20
45131.7 45129.5 763 2 255 5 100
45151.8 45150.9 764 2 255 10 20
47672.5 47670.8 799 2 255 10 20
47810.2 47807.6 802 2 255 5 100
53880.9 53879.7 904 2 255 10 20
53900.4 53899 905 2 255 10 20
53906.8 53905.6 906 2 255 10 20
53929.7 53928.5 907 2 255 10 20
53944.1 53942.7 908 2 255 10 20
53989.1 53987.6 909 2 255 10 20
54044.4 54043.1 911 2 255 10 20
54090.2 54088.8 912 2 255 10 20
54096.4 54095.3 913 2 255 10 20
54131.2 54130.1 914 2 255 10 20
54157.6 54156.5 915 2 255 10 20
54173.3 54172.1 916 2 255 10 20
54220.9 54219.2 917 2 255 10 20
54258.8 54257.8 918 2 255 10 20
54331.4 54330.1 919 2 255 10 20
54523.5 54522.2 923 2 255 10 20
54580.5 54579.2 924 2 255 10 20
54588.5 54587.2 925 2 255 10 20
54612.7 54611.6 926 2 255 10 20
54627 54625.8 927 2 255 10 20
54678.5 54677.1 928 2 255 10 20
54726.9 54725.9 929 2 255 10 20
54755.7 54754.2 930 2 255 10 20
54907.7 54906.5 932 2 255 10 20
55320 55318.8 933 2 255 10 20
55424.3 55422.3 936 2 255 10 20
55472.8 55464.6 937 2 255 5 100
55516.4 55514.4 938 2 255 5 100
55530.1 55529.2 939 2 255 10 20
55659 55658 940 2 255 10 20
55721.6 55720.8 941 2 255 10 20
55748.9 55747.8 943 2 255 10 20
55824.2 55823.2 944 2 255 10 20
55899.9 55898.8 945 2 255 10 20
55907.6 55906.7 946 2 255 10 20
55925.2 55924.2 947 2 255 10 20
56075.8 56074.8 948 2 255 10 20
56088.5 56087.5 949 2 255 10 20
56106.8 56106.2 950 2 255 10 20
56124.4 56123.6 951 2 255 10 20
56216.8 56215.8 952 2 255 10 20
56421.7 56419.6 953 2 255 5 100
56490.3 56489.8 954 2 255 10 20
56506.8 56505.8 955 2 255 10 20
56534.5 56533.9 956 2 255 10 20
56611.9 56611.2 957 2 255 10 20
56722.1 56721.2 958 2 255 10 20
56726.1 56725.1 959 2 255 10 20
56782.5 56781.7 960 2 255 10 20
56795.1 56794.3 961 2 255 10 20
56824.2 56821.2 962 2 255 10 20
56836.4 56835.8 963 2 255 10 20
56864.5 56863.7 964 2 255 10 20
56971.9 56970.9 965 2 255 10 20
57082.3 57081.4 966 2 255 10 20
57330.7 57328.7 967 2 255 5 100
57353.2 57350.4 968 2 255 5 100
57398.1 57395.9 969 2 255 5 100
57521.7 57520.7 970 2 255 10 20
57563.9 57563 971 2 255 10 20
57675.8 57674.6 972 2 255 10 20
57706.3 57704.8 973 2 255 10 20
57740.2 57739.1 974 2 255 10 20
57748.1 57747.2 975 2 255 10 20
58738.8 58737.7 983 2 255 10 20
60064.1 60063 1009 2 255 10 20
65394.1 65391.1 1102 2 255 10 20
66089.2 66087.6 1118 2 255 10 20
67473.1 67464 1140 2 255 5 100
67621.8 67620.7 1145 2 255 10 20
67713.5 67711 1147 2 255 10 20
67717.7 67716.4 1148 2 255 10 20
67744.5 67743.5 1149 2 255 10 20
67762.2 67761 1150 2 255 10 20
67810 67807.8 1151 2 255 10 20
67926.1 67925 1152 2 255 10 20
67990.1 67986.9 1153 2 255 10 20
68182.7 68181.3 1154 2 255 10 20
68254.6 68253.3 1155 2 255 10 20
68398.5 68397.5 1157 2 255 10 20
68410.1 68408.8 1158 2 255 10 20
68415.9 68414.6 1159 2 255 10 20
68456.8 68455.5 1160 2 255 10 20
68462.2 68460.9 1161 2 255 10 20
68582.4 68580.6 1162 2 255 10 20
68661.2 68660.3 1163 2 255 10 20
68706.1 68703.8 1165 2 255 5 100
69002.3 69000.2 1166 2 255 5 100
69024.2 69022.4 1168 2 255 5 100
69069.5 69067.4 1169 2 255 5 100
69101.9 69099.6 1170 2 255 5 100
69140.6 69138.6 1171 2 255 5 100
69184.6 69182.3 1172 2 255 5 100
69374.4 69372.2 1173 2 255 5 100
69441.6 69439.2 1174 2 255 5 100
69455.1 69453 1176 2 255 5 100
69488.5 69486.3 1177 2 255 5 100
69508.5 69506.3 1178 2 255 5 100
69554.3 69552 1179 2 255 5 100
69593.6 69591.6 1180 2 255 5 100
69669.9 69667.7 1181 2 255 5 100
69715.2 69713.7 1182 2 255 10 20
69747.3 69746.4 1183 2 255 10 20
69757.8 69756.7 1184 2 255 10 20
69840.9 69839.6 1185 2 255 10 20
69870.7 69869.6 1186 2 255 10 20
69914.7 69913.4 1187 2 255 10 20
69972.6 69971.7 1188 2 255 10 20
70066.2 70063 1189 2 255 10 20
70152 70150.6 1191 2 255 10 20
70161.8 70160.9 1192 2 255 10 20
70187.6 70186.8 1193 2 255 10 20
70192.9 70192 1194 2 255 10 20
70198.6 70197.7 1195 2 255 10 20
70246.6 70245.4 1196 2 255 10 20
70282.8 70281.8 1197 2 255 10 20
70363.3 70361.1 1198 2 255 5 100
70440.6 70437.9 1199 2 255 10 20
70492.9 70487 1200 2 255 10 20
70564.3 70563.4 1201 2 255 10 20
70592.9 70592.1 1202 2 255 10 20
70652.3 70651.4 1203 2 255 10 20
70769.3 70766.7 1204 2 255 10 20
70772.3 70771.3 1205 2 255 10 20
70810.3 70809.1 1206 2 255 10 20
70903.7 70902.4 1207 2 255 10 20
70915.5 70913.7 1208 2 255 10 20
70975.4 70974.5 1209 2 255 10 20
71017.7 71015.1 1210 2 255 5 100
71229.4 71228.3 1211 2 255 10 20
71365.4 71363.9 1213 2 255 10 20
71388.2 71386.7 1214 2 255 10 20
71498.2 71497.3 1215 2 255 10 20
71529.7 71528.3 1216 2 255 10 20
71665.8 71664.6 1217 2 255 10 20
71714.8 71712.6 1218 2 255 5 100
71774.5 71772.6 1219 2 255 5 100
71836.5 71835.3 1220 2 255 10 20
71854.4 71853 1221 2 255 10 20
71859.5 71858.4 1222 2 255 10 20
71872.2 71871.4 1223 2 255 10 20
72020.1 72019.3 1225 2 255 10 20
72032.1 72031.1 1226 2 255 10 20
72033.7 72032 1227 2 255 10 20
72208 72207 1228 2 255 10 20
72250.9 72249.1 1229 2 255 10 20
72276 72275.2 1230 2 255 10 20
72425.5 72424.7 1231 2 255 10 20
72449.7 72447.9 1233 2 255 5 100
72516.7 72516.1 1234 2 255 10 20
72553.8 72552.9 1235 2 255 10 20
72713.2 72712.2 1236 2 255 10 20
72784.5 72783.8 1237 2 255 10 20
72799.9 72799.2 1238 2 255 10 20
72843.1 72842.3 1239 2 255 10 20
72896.1 72895.5 1240 2 255 10 20
72916.7 72915.2 1242 2 255 10 20
72952.2 72951.2 1243 2 255 10 20
72959.6 72957.4 1244 2 255 10 20
72993.5 72992.7 1245 2 255 10 20
73229.4 73228 1251 2 255 10 20
73635.5 73633.3 1264 2 255 5 100
74775.6 74773.8 1278 2 255 10 20
80537 80535.6 1371 2 255 10 20
80543.3 80542 1372 2 255 10 20
80547 80544.5 1373 2 255 10 20
80624.7 80623.8 1374 2 255 10 20
80654.1 80653 1375 2 255 10 20
80745.9 80742 1376 2 255 10 20
80793.2 80792.1 1377 2 255 10 20
80829.4 80828.2 1378 2 255 10 20
80837.7 80836.5 1379 2 255 10 20
80848.2 80847.1 1380 2 255 10 20
80889.5 80888.5 1381 2 255 10 20
80934.4 80933.3 1382 2 255 10 20
80968.6 80966.5 1383 2 255 10 20
80992.2 80991 1384 2 255 10 20
81140 81138.8 1385 2 255 10 20
81218.9 81217.8 1386 2 255 10 20
81404.6 81403.8 1387 2 255 10 20
81409 81408.1 1388 2 255 10 20
81463.3 81457.3 1389 2 255 10 20
81486.2 81485.2 1390 2 255 10 20
81527.9 81526.9 1391 2 255 10 20
81639.5 81638.8 1392 2 255 10 20
81769.2 81767.3 1393 2 255 10 20
81834.8 81834.2 1394 2 255 10 20
81935.7 81935 1395 2 255 10 20
82316.7 82314.9 1398 2 255 5 100
82430.6 82428.7 1399 2 255 5 100
82486 82482.6 1400 2 255 5 100
82673.7 82671.4 1401 2 255 5 100
82895.1 82894.2 1404 2 255 10 20
82921.4 82920.1 1405 2 255 10 20
83024.4 83023.3 1406 2 255 10 20
83059.4 83058.4 1407 2 255 10 20
83135.2 83134.1 1408 2 255 10 20
83277.3 83276.3 1409 2 255 10 20
83398.7 83397.5 1410 2 255 10 20
83443.3 83441 1411 2 255 5 100
83534.8 83533.7 1412 2 255 10 20
83603.6 83602.7 1413 2 255 10 20
83682.2 83681 1414 2 255 10 20
83733.6 83732 1415 2 255 10 20
83757.8 83756.6 1416 2 255 10 20
83816.8 83815.9 1417 2 255 10 20
83848 83846.8 1419 2 255 10 20
83967.3 83966.3 1420 2 255 10 20
84131.4 84130.4 1422 2 255 10 20
84146.8 84144.4 1423 2 255 5 100
84252.1 84250 1424 2 255 5 100
84451.3 84449.3 1425 2 255 5 100
84554.8 84551.6 1426 2 255 5 100
84662.2 84660.3 1428 2 255 5 100
84773.9 84772.9 1429 2 255 10 20
84775.3 84773.2 1430 2 255 10 20
84776.3 84773.3 1431 2 255 10 20
84834 84833 1432 2 255 10 20
84931.8 84930.6 1434 2 255 10 20
84981.1 84980.3 1435 2 255 10 20
85156.9 85155.9 1436 2 255 10 20
85210.8 85208.7 1437 2 255 10 20
85290 85289 1438 2 255 10 20
85358.8 85357 1439 2 255 5 100
85387.2 85385.4 1440 2 255 5 100
85423.7 85422.8 1441 2 255 10 20
85646.3 85645.1 1442 2 255 10 20
85703.3 85702.7 1443 2 255 10 20
85856.3 85855.4 1444 2 255 10 20
86135.2 86132.9 1445 2 255 10 20
86148.7 86146.8 1446 2 255 5 100
86168.4 86167.4 1447 2 255 10 20
86171.8 86170.7 1448 2 255 10 20
86172.7 86170.7 1449 2 255 10 20
86260.8 86260 1450 2 255 10 20
86270.7 86269.7 1451 2 255 10 20
86288.8 86287.7 1452 2 255 10 20
86295.5 86294.3 1453 2 255 10 20
86380.6 86379.9 1454 2 255 10 20
86428.5 86427.5 1455 2 255 10 20
86546.2 86545.5 1456 2 255 10 20
86611.5 86610.2 1457 2 255 10 20
86633.5 86632.5 1458 2 255 10 20
88903.5 88901.4 1499 2 255 10 20
89102 89100.5 1506 2 255 10 20
90801.5 90799.8 1535 2 255 10 20
94403.7 94401.7 1598 2 255 5 100
94504.1 94501.9 1599 2 255 5 100
94512.7 94510.2 1600 2 255 5 100
94524.2 94522.3 1601 2 255 5 100
94588.1 94585.8 1602 2 255 5 100
94618.1 94616 1603 2 255 5 100
94727.7 94725.8 1604 2 255 5 100
94733.8 94730.7 1605 2 255 5 100
94796.7 94794.4 1606 2 255 5 100
94816.6 94814.4 1607 2 255 5 100
94966.8 94964.9 1608 2 255 5 100
95028.1 95026.3 1609 2 255 5 100
95051.1 95048.9 1610 2 255 5 100
95143.2 95141.3 1611 2 255 5 100
95160 95158.2 1612 2 255 5 100
95277.8 95275.8 1613 2 255 5 100
95376.3 95374.1 1615 2 255 5 100
95387.9 95385.7 1616 2 255 5 100
95414.1 95412.2 1617 2 255 5 100
95424.6 95423.4 1618 2 255 10 20
95425.9 95423.6 1619 2 255 10 20
95582.3 95581.1 1620 2 255 10 20
95604.3 95603.4 1621 2 255 10 20
95615.1 95614 1622 2 255 10 20
95665.1 95663.8 1623 2 255 10 20
95730.3 95729.3 1624 2 255 10 20
95752.6 95751.6 1625 2 255 10 20
95758 95757.1 1626 2 255 10 20
95761.1 95760 1627 2 255 10 20
95913.4 95912.4 1629 2 255 10 20
95920 95918.9 1630 2 255 10 20
96054.4 96053.4 1631 2 255 10 20
96113.5 96111.3 1632 2 255 5 100
96164 96162.9 1633 2 255 10 20
96165.8 96163.4 1634 2 255 10 20
96258.6 96257.4 1635 2 255 10 20
96533.9 96532.9 1636 2 255 10 20
96915.3 96914.2 1638 2 255 10 20
97061.5 97060.1 1639 2 255 10 20
97189.9 97187.9 1640 2 255 5 100
97208.4 97207.5 1641 2 255 10 20
97238.8 97237.6 1642 2 255 10 20
97247.2 97246.2 1643 2 255 10 20
97259.2 97258.4 1644 2 255 10 20
97432.6 97431.4 1647 2 255 10 20
97464.3 97463.3 1648 2 255 10 20
97518.7 97517 1649 2 255 10 20
97548.4 97547.5 1650 2 255 10 20
97646.5 97645.7 1651 2 255 10 20
97737.7 97735.8 1652 2 255 10 20
97764.3 97763 1653 2 255 10 20
97873 97871.9 1654 2 255 10 20
97939.6 97937.7 1655 2 255 5 100
97988.2 97987.4 1656 2 255 10 20
98000.9 98000 1657 2 255 10 20
98182.9 98181.9 1659 2 255 10 20
98255.4 98254.5 1660 2 255 10 20
98270.2 98269.1 1661 2 255 10 20
98279.4 98278.6 1662 2 255 10 20
98394.5 98393.5 1663 2 255 10 20
98419.4 98418.7 1664 2 255 10 20
98523.6 98522.5 1665 2 255 10 20
98671.6 98670.1 1667 2 255 10 20
98680.3 98679.7 1668 2 255 10 20
98789.3 98787.6 1669 2 255 5 100
98973.6 98972.3 1670 2 255 10 20
98981.7 98979.9 1672 2 255 10 20
99072.8 99072.2 1673 2 255 10 20
99110.6 99107.5 1674 2 255 10 20
99129.7 99128.7 1675 2 255 10 20
99135.8 99134.8 1676 2 255 10 20
