162.644 160.159 1 254 6 5 97 2.48508 3.41859
895.034 891.871 2 253 6 6 11 3.16298 1.1189
948.128 939.321 3 253 6 5 97 8.80703 4.86661
1550.22 1544.59 4 253 6 6 11 5.62529 5.07771
1631.11 1629.06 5 253 6 5 97 2.05816 1.85008
2230.93 2230.25 6 253 6 6 11 0.686808 0.77699
2242.11 2240.27 7 253 6 5 97 1.83711 1.82921
2951.71 2948.15 8 253 6 6 11 3.55926 0.874093
3081.52 3079.42 9 253 6 5 97 2.09913 2.20322
3744.72 3743.66 10 253 6 6 11 1.05307 1.45595
4213.49 4211.54 12 253 6 5 97 1.95626 5.20441
4938.49 4936.18 13 252 6 6 11 2.31014 0.865547
5030.6 5028.71 14 252 6 5 97 1.89441 2.01585
5647.84 5645.75 15 252 6 6 11 2.08774 1.24305
5825.82 5823.5 17 252 6 5 97 2.31261 1.99848
6734.15 6731.47 23 252 6 6 11 2.67551 1.55401
6931.81 6929.29 27 252 6 5 97 2.5273 2.35545
8822.82 8821.87 28 254 6 6 11 0.946284 0.791822
8936.98 8935.04 29 254 6 5 97 1.94391 1.90791
9538.18 9537.12 30 254 6 6 11 1.05265 0.915205
9571.7 9569.86 31 254 6 5 97 1.83951 2.09584
10232.7 10231.8 32 254 6 6 11 0.934343 1.22356
10383.9 10381.9 35 254 6 5 97 1.93763 1.88249
11214.3 11212.8 36 254 6 6 11 1.49644 1.19199
11246.1 11241.9 38 254 6 5 97 4.24308 1.97147
11995.6 11993.1 40 254 6 6 11 2.49378 1.26124
12377.8 12374.5 43 254 6 5 97 3.29543 2.1463
15354.2 15353.6 44 253 6 6 11 0.630664 0.749183
15391.5 15382.7 45 253 6 5 97 8.79663 1.9965
15994.4 15987.8 46 253 6 6 11 6.63585 0.911001
16141.1 16138.8 47 253 6 5 97 2.29282 2.20378
17241.9 17240.7 49 253 6 6 11 1.16146 3.10438
17549.4 17546.9 50 253 6 5 97 2.49242 2.37311
18417.2 18415.6 51 253 6 6 11 1.54731 2.26797
18783.8 18781.9 52 252 6 5 97 1.92246 2.10553
19695 19693.5 58 252 6 6 11 1.47596 1.47964
19880.8 19878.4 59 252 6 5 97 2.33587 2.5502
21540.4 21538.7 60 252 6 6 11 1.6645 1.48392
21721.3 21718.8 61 252 6 5 97 2.51801 2.59696
22491.2 22490.3 62 254 6 6 11 0.835478 8.11571
22493.5 22492.5 63 254 6 6 11 1.03388 4.51469
22521.7 22519.8 64 254 6 5 97 1.88319 1.95169
23526.7 23525.9 68 254 6 6 11 0.765536 2.08168
23860.9 23858.6 72 254 6 5 97 2.25381 1.83312
24469.4 24467.2 73 254 6 6 11 2.26501 1.06165
24481.2 24478.9 74 254 6 5 97 2.26165 1.80515
25083.3 25082 75 254 6 6 11 1.26873 1.24911
25153.4 25151.1 77 254 6 5 97 2.34709 2.17273
25158.2 25155.8 78 254 6 5 97 2.3854 5.24317
25758.9 25757.4 79 254 6 6 11 1.49543 1.16289
25784.1 25780.5 80 254 6 5 97 3.53603 2.14006
26403.8 26401.9 81 254 6 6 11 1.8958 1.12498
28256 28254 82 253 6 5 97 1.9789 2.0423
28861.8 28861.1 83 253 6 6 11 0.757666 1.08872
28941.2 28939.4 84 253 6 5 97 1.78519 10.983
29573.6 29572.8 85 253 6 6 11 0.787173 0.654673
29722.2 29719.8 86 253 6 5 97 2.3483 2.03969
30329.1 30327.5 87 253 6 6 11 1.51637 0.807652
32625.4 32622.3 89 252 6 5 97 3.09219 2.45652
33366.5 33363.5 91 252 6 6 11 3.0584 1.26708
33910.1 33907.7 92 254 6 5 97 2.39083 2.36595
34558.6 34557.5 93 254 6 6 11 1.10007 1.39991
34612.9 34610.8 95 254 6 5 97 2.09145 2.34393
35222.8 35221.8 96 254 6 6 11 1.0494 1.25507
35294.4 35292.3 97 254 6 5 97 2.09791 2.26549
35993.4 35992.3 98 254 6 6 11 1.13223 0.881544
36024.6 36022.4 99 254 6 5 97 2.10526 2.16356
36643.4 36642.5 100 254 6 6 11 0.825627 1.0632
36693.4 36691.7 101 254 6 5 97 1.71114 1.91332
37386 37383.5 102 254 6 6 11 2.59208 1.75609
37425.7 37423.1 103 254 6 5 97 2.62474 1.724
38152.5 38149.7 107 254 6 6 11 2.80207 1.04414
38185.6 38182 108 254 6 5 97 3.50696 2.0471
40539.7 40538.5 109 253 6 6 11 1.24636 3.94272
40595.6 40593.6 110 253 6 5 97 1.96258 2.11598
41285.8 41284.9 111 253 6 6 11 0.886713 2.03269
41387.6 41385.5 112 253 6 5 97 2.12493 2.13637
42050.8 42049.8 113 253 6 6 11 0.985981 0.876236
42059.5 42057.4 114 253 6 5 97 2.09894 3.35791
42667 42666.1 115 253 6 6 11 0.948069 1.36936
42731.2 42728.5 116 253 6 5 97 2.75704 2.47339
43336.8 43335.5 117 253 6 6 11 1.34596 1.15068
43447.8 43444.4 118 253 6 5 97 3.3834 2.17383
44135.8 44134.4 119 253 6 6 11 1.4705 1.20081
44631 44625.8 120 253 6 5 97 5.2075 3.38544
45899.2 45898.5 123 254 6 6 11 0.6867 0.852421
45970.4 45968.2 124 254 6 5 97 2.20356 1.75098
46586.1 46584.8 125 254 6 6 11 1.26726 1.15861
46639.7 46637.3 126 254 6 5 97 2.39376 2.23579
47316.3 47314.9 127 254 6 6 11 1.41252 1.01755
47367.6 47365 128 254 6 5 97 2.59367 2.37717
47984.6 47981.9 129 254 6 6 11 2.69804 1.20609
48085.9 48083.3 130 254 6 5 97 2.58916 2.5056
48731.2 48729.8 131 254 6 6 11 1.41501 1.35426
48752.7 48750.6 132 254 6 5 97 2.10722 2.33343
49362.9 49361.7 133 254 6 6 11 1.20756 0.995314
49377.8 49375.8 134 254 6 5 97 2.01463 2.36362
52539 52537.4 135 253 6 6 11 1.63398 0.919468
52708.2 52706.3 136 253 6 5 97 1.94276 2.25172
53542.1 53541.1 137 253 6 6 11 0.973953 0.996299
53559.9 53557.7 138 253 6 5 97 2.18172 1.80038
54271.3 54270.1 139 253 6 6 11 1.21042 0.814383
54443.1 54440.5 141 253 6 5 97 2.66844 2.10021
55092.1 55091.1 143 253 6 6 11 0.96672 0.979079
55146.4 55144.3 144 253 6 5 97 2.06543 2.30179
55847.9 55846.9 146 253 6 6 11 1.03791 1.43893
55881.5 55879 147 253 6 5 97 2.43177 2.24284
56602.4 56600 150 253 6 6 11 2.3618 1.45943
57390.1 57388.1 151 254 6 5 97 1.97548 1.97935
58067.4 58065.8 152 254 6 6 11 1.60027 0.778897
58117.7 58116 153 254 6 5 97 1.65011 1.62254
58771 58770 155 254 6 6 11 0.935433 0.911873
58813.8 58811.6 156 254 6 5 97 2.14703 1.81346
59439.9 59439 157 254 6 6 11 0.968145 2.14375
59527.9 59525.4 158 254 6 5 97 2.49116 2.01922
60129.4 60128.2 159 254 6 6 11 1.19848 1.06046
60361.2 60358.3 161 254 6 5 97 2.9451 2.86945
60366.3 60363.8 162 254 6 5 97 2.48229 4.07179
61190.4 61185 166 254 6 6 11 5.35787 1.25192
61437.2 61435 167 254 6 5 97 2.18164 2.04603
62086.2 62084.3 168 254 6 6 11 1.89629 0.995416
62327.4 62325.4 171 254 6 5 97 1.95054 2.07096
65539.3 65538.5 172 253 6 6 11 0.817928 0.874983
65594.1 65592.3 173 253 6 5 97 1.8673 1.64925
66198.7 66197.5 174 253 6 6 11 1.1556 1.11067
66216.4 66214.3 175 253 6 5 97 2.05186 2.17618
66926 66925.1 178 253 6 6 11 0.900091 2.70502
67068.5 67065.9 179 253 6 5 97 2.65554 2.14113
67929.6 67928.4 182 253 6 6 11 1.26669 1.44366
67990.2 67988.2 183 253 6 5 97 2.02955 2.36351
68618.4 68617.4 184 253 6 6 11 1.01116 1.16255
68678.1 68675.8 185 253 6 5 97 2.32353 1.94124
69330.3 69329.2 186 253 6 6 11 1.08431 1.20498
69417.7 69413.9 187 253 6 5 97 3.77986 2.1422
70279.2 70277.8 188 253 6 6 11 1.42509 1.47343
70787.9 70785.8 189 254 6 5 97 2.17542 2.44322
71527.2 71526.4 190 254 6 6 11 0.777932 0.811217
71624.9 71622.8 191 254 6 5 97 2.10849 2.18407
72347.3 72346.2 192 254 6 6 11 1.11569 0.762064
72373.6 72371.6 193 254 6 5 97 2.00963 1.90118
72987.7 72986.8 194 254 6 6 11 0.929933 1.04332
73059.2 73057.3 195 254 6 5 97 1.94625 1.70064
74167.4 74166.4 198 254 6 6 11 0.936246 1.21667
74178.4 74176.4 199 254 6 5 97 1.99213 1.86406
74877.4 74861 200 254 6 6 11 16.4193 1.27753
74904.7 74902.7 202 254 6 5 97 2.0937 1.97411
77488.5 77487 205 254 6 6 11 1.45722 2.36732
77633 77629.4 207 254 6 5 97 3.62685 3.614
79363.1 79360.8 209 254 6 6 11 2.29978 2.38131
81106.6 81103.8 210 254 6 5 97 2.82509 2.87354
81986.6 81985.8 211 253 6 6 11 0.830163 1.0165
82162 82159.8 213 253 6 5 97 2.1436 1.94394
82898.7 82897.4 215 253 6 6 11 1.28484 1.78111
83018.3 83016.2 217 253 6 5 97 2.03672 2.16346
83705.1 83703.9 219 253 6 6 11 1.20328 1.30682
83808.2 83805.8 220 253 6 5 97 2.43539 2.27363
84927.3 84916.8 221 254 6 6 11 10.5236 1.35771
84991 84988.6 224 254 6 5 97 2.42434 2.52076
85625.2 85624 225 254 6 6 11 1.15178 1.09725
85755.3 85753.1 227 254 6 5 97 2.1789 2.07372
86429.6 86428.4 228 254 6 6 11 1.16935 0.948721
86579.1 86577 229 254 6 5 97 2.15337 2.06985
87199.1 87197.5 230 254 6 6 11 1.53732 0.667315
87213.5 87210.8 231 254 6 5 97 2.72136 1.88061
87856.6 87855.6 233 254 6 6 11 1.03736 0.907508
87983 87980.8 235 254 6 5 97 2.10921 3.6852
88608.8 88607.4 236 254 6 6 11 1.38897 1.29715
88643.9 88641.8 237 254 6 5 97 2.06736 2.4274
89483.4 89468.4 238 254 6 6 11 15.0109 1.97237
92124.3 92122.1 239 252 6 5 97 2.19911 2.30831
94113 94111.6 240 253 6 6 11 1.39168 0.682429
94134.7 94132.6 241 253 6 5 97 2.15453 2.00383
94846.2 94844.9 242 253 6 6 11 1.29327 0.946704
94997.3 94994.1 243 253 6 5 97 3.22312 2.38132
95726.9 95725.3 244 253 6 6 11 1.60475 1.48814
95827.1 95824.8 245 253 6 5 97 2.36738 2.4872
97106.5 97097.3 246 254 6 6 11 9.12855 1.11409
97128.2 97126.1 247 254 6 5 97 2.16161 2.29633
97740.4 97739.1 248 254 6 6 11 1.31863 4.93083
97834.8 97832.7 249 254 6 5 97 2.07535 2.33178
98458.2 98457.2 250 254 6 6 11 0.972153 1.24745
98541.8 98539.6 251 254 6 5 97 2.17292 1.95237
99218.6 99217.3 252 254 6 6 11 1.30122 0.663736
99244.1 99242.3 253 254 6 5 97 1.75382 2.07118
99885.3 99882.7 254 254 6 6 11 2.57056 0.837855
