268.971 267.215 2 3 255 5 100
407.196 406.329 4 3 255 10 20
434.552 433.642 5 3 255 10 20
671.939 671.116 6 3 255 10 20
695.446 694.5 7 3 255 10 20
703.729 702.413 8 3 255 10 20
730.208 728.446 9 3 255 10 20
752.687 751.038 10 3 255 10 20
985.602 984.788 11 3 255 10 20
1378.13 1376.22 12 3 255 5 100
1391.61 1390.59 13 3 255 10 20
1411.87 1410.9 14 3 255 10 20
1451.32 1450.11 15 3 255 10 20
1455.24 1454.01 16 3 255 10 20
1516.92 1515.56 17 3 255 10 20
1688.16 1687.05 19 3 255 10 20
1709.12 1707.7 20 3 255 10 20
1746.57 1745.36 21 3 255 10 20
1819.45 1818.39 22 3 255 10 20
1866.48 1865.45 23 3 255 10 20
1888.11 1886.91 24 3 255 10 20
1898.03 1896.95 25 3 255 10 20
1912.61 1911.58 26 3 255 10 20
1950 1948.92 27 3 255 10 20
1998.4 1997.13 28 3 255 10 20
2051.99 2049.6 29 3 255 5 100
2111.92 2110.43 30 3 255 10 20
2193.37 2192.01 31 3 255 10 20
2316.22 2315.02 32 3 255 10 20
2783.01 2779.38 42 3 255 10 20
2810.75 2808.21 43 3 255 5 100
2825.7 2823.65 44 3 255 10 20
2938.38 2936.79 48 3 255 10 20
4011.24 4009.34 63 3 255 10 20
5269.88 5268.41 87 3 255 10 20
5669.05 5664.96 94 3 255 5 100
7149.38 7147.67 123 3 255 10 20
7477.09 7475.57 129 3 255 10 20
10360.8 10359.5 162 3 255 10 20
10428.8 10427.3 163 3 255 10 20
10463 10461.7 164 3 255 10 20
10658.5 10657.3 165 3 255 10 20
10732.9 10731.7 166 3 255 10 20
10827.3 10826.3 167 3 255 10 20
10868.3 10866.9 168 3 255 10 20
10883.1 10881.9 169 3 255 10 20
10985.7 10984.4 170 3 255 10 20
11086.4 11085.3 171 3 255 10 20
11151.7 11149.6 173 3 255 5 100
11256 11253.9 174 3 255 5 100
11268.4 11264.6 175 3 255 5 100
11303.8 11301.9 176 3 255 5 100
11344.6 11342.5 177 3 255 5 100
11390 11388 178 3 255 5 100
11400.1 11397.8 179 3 255 5 100
11457.1 11455.1 180 3 255 5 100
11551.2 11549.4 181 3 255 5 100
11828.8 11827 182 3 255 5 100
11852.1 11850.4 183 3 255 5 100
11883.1 11882.2 185 3 255 10 20
11932.6 11931.2 186 3 255 10 20
12040.5 12039.7 187 3 255 10 20
12223.8 12223.1 189 3 255 10 20
12315.7 12314.6 190 3 255 10 20
12387.6 12386.7 191 3 255 10 20
12545 12544 192 3 255 10 20
12557.4 12556.4 193 3 255 10 20
12569.6 12568.9 194 3 255 10 20
12592.8 12587.3 196 3 255 10 20
12595.5 12591.5 197 3 255 10 20
12655.3 12654.6 198 3 255 10 20
12688.6 12687 199 3 255 10 20
12697.4 12696.4 200 3 255 10 20
12878.3 12877.5 201 3 255 10 20
12948.1 12947.3 202 3 255 10 20
12968.3 12967.3 203 3 255 10 20
13004.7 13002.6 204 3 255 5 100
13097.9 13096.7 205 3 255 10 20
13131.6 13130.5 206 3 255 10 20
13142 13141 207 3 255 10 20
13174.9 13173.8 209 3 255 10 20
13247.5 13246.5 210 3 255 10 20
13257.4 13256.2 211 3 255 10 20
13280.8 13279.6 212 3 255 10 20
13484.6 13483.7 213 3 255 10 20
13546.8 13545.5 214 3 255 10 20
13597 13595.9 215 3 255 10 20
13616.1 13615 216 3 255 10 20
13732.4 13730.5 217 3 255 5 100
13763 13761.8 218 3 255 10 20
13851.1 13850.1 219 3 255 10 20
13959.1 13956.7 220 3 255 10 20
13962.1 13960.7 221 3 255 10 20
13986 13984.7 222 3 255 10 20
13990 13988.5 223 3 255 10 20
14322.4 14321 224 3 255 10 20
14533.5 14532.1 225 3 255 10 20
14555.8 14554.6 226 3 255 10 20
14750.5 14749.4 227 3 255 10 20
14756.6 14754.4 228 3 255 5 100
15060.6 15059.4 230 3 255 10 20
15086.9 15085.4 231 3 255 10 20
15098.6 15097.1 232 3 255 10 20
15187.1 15185.7 233 3 255 10 20
15216.5 15214.1 234 3 255 10 20
15252.2 15250.8 235 3 255 10 20
15345.6 15344 236 3 255 10 20
15352 15350.4 237 3 255 10 20
15457.9 15456.4 238 3 255 10 20
16049.7 16047.5 248 3 255 5 100
16494.9 16493.1 254 3 255 10 20
19427 19424.2 296 3 255 10 20
21515.1 21513.4 322 3 255 10 20
23172.1 23170.7 341 3 255 10 20
23182.8 23181.5 342 3 255 10 20
23201.4 23200.2 343 3 255 10 20
23299.8 23298.2 344 3 255 10 20
23399.6 23398.2 346 3 255 10 20
23401.6 23400.4 347 3 255 10 20
23487.6 23486.2 348 3 255 10 20
23529 23526.9 349 3 255 10 20
23534.3 23532.8 350 3 255 10 20
23683.6 23681.4 352 3 255 5 100
23704 23701.7 353 3 255 5 100
23750.9 23748.6 354 3 255 5 100
23756.1 23753.9 355 3 255 5 100
23776.1 23773.9 356 3 255 5 100
23791.6 23789.4 357 3 255 5 100
23869.5 23860.1 358 3 255 5 100
23874.4 23872 359 3 255 5 100
23909.2 23907.1 360 3 255 5 100
24094.5 24092.3 361 3 255 5 100
24172.9 24170.7 362 3 255 5 100
24378 24376.1 363 3 255 5 100
24447.8 24443.7 364 3 255 5 100
24529.3 24527.5 365 3 255 5 100
24703 24701 366 3 255 5 100
24749 24746.4 367 3 255 5 100
24753 24749.7 368 3 255 5 100
24787 24786 369 3 255 10 20
24832 24831.3 370 3 255 10 20
24853.4 24852.4 371 3 255 10 20
24983.3 24982.8 372 3 255 10 20
25095.3 25094.8 373 3 255 10 20
25116.7 25116.1 374 3 255 10 20
25290.1 25289.3 375 3 255 10 20
25351 25350.1 376 3 255 10 20
25601.3 25600.4 377 3 255 10 20
25771.9 25769.8 378 3 255 5 100
25886.5 25884.7 379 3 255 5 100
25968.7 25967.6 380 3 255 10 20
25984.9 25983.9 381 3 255 10 20
26158.2 26157.1 382 3 255 10 20
26300.5 26299.6 384 3 255 10 20
26343.3 26342.2 385 3 255 10 20
26417 26415 386 3 255 10 20
26427.5 26426.5 387 3 255 10 20
26572.6 26571.4 388 3 255 10 20
26671.3 26669.3 389 3 255 5 100
26819.5 26816.6 390 3 255 10 20
26825.3 26824.2 391 3 255 10 20
26888.2 26887.2 392 3 255 10 20
26937.1 26934 393 3 255 10 20
26976.1 26974.7 394 3 255 10 20
27067 27065.6 395 3 255 10 20
27102.1 27100.1 396 3 255 10 20
27105.6 27103.5 397 3 255 10 20
27157.9 27156.5 398 3 255 10 20
27171.9 27170.9 399 3 255 10 20
27269 27267.3 400 3 255 10 20
27287 27285.9 401 3 255 10 20
27311.8 27309.8 402 3 255 5 100
27399.2 27397.7 403 3 255 10 20
27446.2 27445.1 404 3 255 10 20
27476.1 27474.8 405 3 255 10 20
27482.8 27481.3 406 3 255 10 20
27484.7 27482.6 407 3 255 10 20
27575.7 27574.4 408 3 255 10 20
27597.3 27595.8 409 3 255 10 20
27646.2 27642.8 410 3 255 10 20
27759.5 27758.2 411 3 255 10 20
27779.4 27777.9 412 3 255 10 20
27844.8 27843.5 413 3 255 10 20
27856.3 27855 414 3 255 10 20
27905.5 27904 415 3 255 10 20
27933.3 27931.7 416 3 255 10 20
27956 27953.4 417 3 255 5 100
27964.8 27962.4 418 3 255 5 100
28024.7 28021 419 3 255 5 100
28050.1 28048.6 420 3 255 10 20
28248 28246.7 421 3 255 10 20
28314.6 28313.1 422 3 255 10 20
28343 28341.7 423 3 255 10 20
28381.6 28380.4 424 3 255 10 20
28415.5 28414.3 426 3 255 10 20
28425.6 28424.4 427 3 255 10 20
28452 28450.6 428 3 255 10 20
28471.6 28470 429 3 255 10 20
28532 28530.7 431 3 255 10 20
28689.2 28688.1 432 3 255 10 20
28701.3 28697.2 433 3 255 5 100
28736.7 28735.7 434 3 255 10 20
28991.2 28989.2 435 3 255 10 20
29017.8 29015.5 436 3 255 10 20
29447.3 29446.2 441 3 255 10 20
29503.7 29502.7 442 3 255 10 20
29692 29691 443 3 255 10 20
29713.4 29711.1 444 3 255 5 100
29770.4 29768.2 445 3 255 5 100
29776.1 29775.1 446 3 255 10 20
29791.5 29790.1 447 3 255 10 20
30364.4 30362.9 458 3 255 10 20
30395.4 30392.6 461 3 255 10 20
32829.2 32827.3 502 3 255 10 20
35598.1 35596.5 543 3 255 10 20
37295.2 37294.2 574 3 255 10 20
37301.2 37299.9 575 3 255 10 20
37430.1 37429.1 576 3 255 10 20
37450.3 37449 577 3 255 10 20
37453.6 37451.7 578 3 255 10 20
37521.7 37520.4 579 3 255 10 20
37627.8 37626.9 580 3 255 10 20
37731.5 37730.5 581 3 255 10 20
37743.7 37742.8 582 3 255 10 20
37764.2 37763.1 583 3 255 10 20
37906.5 37905.5 584 3 255 10 20
37912.8 37911.6 585 3 255 10 20
38050.3 38049.3 586 3 255 10 20
38196 38195.1 587 3 255 10 20
38218.1 38217.2 588 3 255 10 20
38239.4 38238.1 589 3 255 10 20
38264.5 38262.3 590 3 255 5 100
38311.9 38310.9 591 3 255 10 20
38330.3 38329.1 592 3 255 10 20
38356 38354.8 593 3 255 10 20
38425.1 38423.9 595 3 255 10 20
38536.8 38535.7 597 3 255 10 20
38640.8 38639.6 598 3 255 10 20
38928.2 38926.9 599 3 255 10 20
38950.2 38949 600 3 255 10 20
38972.2 38970.2 601 3 255 5 100
39291.6 39290.5 602 3 255 10 20
39371.5 39370.3 603 3 255 10 20
39497.2 39496.1 604 3 255 10 20
39516 39514.6 605 3 255 10 20
39533.8 39532.7 606 3 255 10 20
39549.3 39547.9 607 3 255 10 20
39594.1 39592.6 608 3 255 10 20
39809.6 39807.1 609 3 255 5 100
39906.3 39905.2 610 3 255 10 20
39964.2 39962.9 611 3 255 10 20
40048.1 40046.9 612 3 255 10 20
40096.5 40095 613 3 255 10 20
40115.9 40114.8 614 3 255 10 20
40184.3 40183 615 3 255 10 20
40211.2 40209.7 616 3 255 10 20
40219.7 40218.7 617 3 255 10 20
40249.9 40248.5 618 3 255 10 20
40333.1 40331.8 619 3 255 10 20
40349 40347.6 620 3 255 10 20
40363.2 40361.8 621 3 255 10 20
40511.8 40510.7 622 3 255 10 20
40530 40527.9 623 3 255 5 100
40551.7 40550.2 624 3 255 10 20
40598.4 40595.7 625 3 255 10 20
40634.9 40633.8 626 3 255 10 20
40645 40643.6 627 3 255 10 20
40649.6 40648.1 628 3 255 10 20
40785.2 40783.1 629 3 255 10 20
40826 40824.9 630 3 255 10 20
40834.3 40832.6 631 3 255 10 20
40902.9 40901.5 633 3 255 10 20
40952 40950.7 634 3 255 10 20
40957.1 40956 635 3 255 10 20
41097.2 41095.7 636 3 255 10 20
41174.6 41173.5 637 3 255 10 20
41264.6 41263.2 638 3 255 10 20
41280.2 41277.7 639 3 255 5 100
41293.1 41290.8 640 3 255 5 100
41312.4 41309.8 641 3 255 5 100
41322.5 41320.4 642 3 255 5 100
41391.4 41390.1 643 3 255 10 20
41413.1 41411.9 644 3 255 10 20
41526.9 41525.6 645 3 255 10 20
41590.4 41589.2 646 3 255 10 20
41903.5 41902.2 652 3 255 10 20
42071.6 42069.8 659 3 255 10 20
42153.1 42149 662 3 255 10 20
45219.3 45217.4 723 3 255 10 20
47981.5 47980.3 763 3 255 10 20
48535.1 48533.6 770 3 255 10 20
48584 48582.6 771 3 255 10 20
48607.5 48606 772 3 255 10 20
48615.5 48614.1 773 3 255 10 20
48627.1 48625.9 774 3 255 10 20
48781 48779.8 775 3 255 10 20
48943.1 48941.8 777 3 255 10 20
48952.2 48950.7 778 3 255 10 20
49049.8 49048.7 779 3 255 10 20
49139.3 49138 780 3 255 10 20
49178.7 49177.8 781 3 255 10 20
49230.5 49229.2 782 3 255 10 20
49257.2 49256.2 783 3 255 10 20
49412.8 49409.7 784 3 255 5 100
49425.9 49423.8 785 3 255 10 20
49480.5 49479.4 786 3 255 10 20
49534.6 49533.5 787 3 255 10 20
49681.8 49680.8 788 3 255 10 20
49715.1 49714 789 3 255 10 20
49800.2 49799.2 790 3 255 10 20
49814.6 49813.3 791 3 255 10 20
49846.1 49845 792 3 255 10 20
49973.2 49972.1 793 3 255 10 20
50044.5 50043.5 794 3 255 10 20
50145 50142.8 796 3 255 5 100
50349.5 50348.2 797 3 255 10 20
50450.8 50449.7 798 3 255 10 20
50468 50466.9 799 3 255 10 20
50591.2 50589.9 800 3 255 10 20
50653.9 50653 801 3 255 10 20
50693.7 50692.8 802 3 255 10 20
50722.3 50721.1 803 3 255 10 20
50762 50760.8 804 3 255 10 20
50783.2 50781.4 805 3 255 5 100
50935.2 50934.2 806 3 255 10 20
51005.1 51004.2 807 3 255 10 20
51041.3 51040.5 808 3 255 10 20
51063.7 51062.9 809 3 255 10 20
51106.9 51105.2 810 3 255 10 20
51137.6 51136.5 811 3 255 10 20
51197.1 51196.1 812 3 255 10 20
51224.8 51224 813 3 255 10 20
51235.9 51234.8 814 3 255 10 20
51296.9 51296.2 815 3 255 10 20
51351.1 51350.2 816 3 255 10 20
51407.5 51406.7 817 3 255 10 20
51470.4 51469.4 818 3 255 10 20
51541.3 51539.3 821 3 255 5 100
51653.5 51652.3 822 3 255 10 20
51683 51682.3 823 3 255 10 20
51687.8 51687.2 824 3 255 10 20
51784.4 51783.5 825 3 255 10 20
51827.7 51827.2 826 3 255 10 20
51962.2 51961.2 827 3 255 10 20
52101.3 52100.1 828 3 255 10 20
52392 52388.1 830 3 255 10 20
52488.9 52486.9 832 3 255 5 100
52544.2 52543.2 833 3 255 10 20
52561.5 52560.9 834 3 255 10 20
52594.8 52593.9 835 3 255 10 20
52606.4 52605.3 836 3 255 10 20
52635.8 52635 837 3 255 10 20
52687.3 52686.5 838 3 255 10 20
52982.4 52981.2 840 3 255 10 20
53065.2 53064.1 841 3 255 10 20
53081.4 53080.2 842 3 255 10 20
53099.1 53098 843 3 255 10 20
53116.2 53114 845 3 255 5 100
53165.1 53164.1 846 3 255 10 20
53168.1 53166.5 847 3 255 10 20
53249.9 53248.7 848 3 255 10 20
53321.2 53319.9 849 3 255 10 20
53348.5 53347.2 850 3 255 10 20
53426 53424.6 851 3 255 10 20
53554 53552.9 852 3 255 10 20
53664.7 53663.4 853 3 255 10 20
53717.1 53715.7 855 3 255 10 20
53744.1 53742.1 856 3 255 5 100
53813.6 53812 857 3 255 10 20
53974.5 53973.2 858 3 255 10 20
53997.5 53996.2 859 3 255 10 20
54063.8 54061.9 860 3 255 10 20
54072.7 54071.5 861 3 255 10 20
54215 54213.7 862 3 255 10 20
54402.4 54400.2 865 3 255 10 20
54420.5 54419 866 3 255 10 20
54431.8 54429.3 867 3 255 5 100
54475.8 54467 868 3 255 10 20
54573.2 54572 869 3 255 10 20
54575.8 54574.4 870 3 255 10 20
54631.6 54630 871 3 255 10 20
54657.6 54656.5 872 3 255 10 20
54713.3 54711.7 873 3 255 10 20
54716.7 54715.5 874 3 255 10 20
59880.6 59878.3 969 3 255 10 20
62621.5 62620.3 1008 3 255 10 20
62637.4 62636.3 1009 3 255 10 20
62651.7 62650.3 1010 3 255 10 20
62877.7 62876.5 1011 3 255 10 20
62962.4 62961.1 1012 3 255 10 20
63210.8 63207.6 1016 3 255 5 100
63255.1 63253.3 1017 3 255 5 100
63431.1 63429.2 1018 3 255 5 100
63549.3 63547.4 1019 3 255 5 100
63569.8 63567.7 1020 3 255 5 100
63577.5 63575.6 1021 3 255 5 100
63669.8 63668.1 1022 3 255 5 100
63692.5 63689.8 1023 3 255 5 100
63746.3 63743.3 1024 3 255 5 100
63758 63756.2 1025 3 255 5 100
63765.9 63764.1 1026 3 255 5 100
63907.6 63906 1029 3 255 5 100
63941.5 63939.5 1030 3 255 5 100
64144.7 64142.7 1031 3 255 5 100
64216 64214.4 1032 3 255 5 100
64266 64264.1 1033 3 255 5 100
64281.5 64270.1 1034 3 255 5 100
64365.7 64363.9 1035 3 255 5 100
64472.3 64470.2 1036 3 255 5 100
64541.7 64539.9 1038 3 255 5 100
64587.5 64585.4 1039 3 255 5 100
64594.1 64592.3 1040 3 255 5 100
64690.4 64688.4 1041 3 255 5 100
64706 64704.2 1042 3 255 5 100
64754.1 64752.5 1043 3 255 10 20
64858.2 64856.9 1044 3 255 10 20
64873.7 64872.9 1045 3 255 10 20
64925.4 64924.4 1046 3 255 10 20
65017 65016 1047 3 255 10 20
65250.4 65249.3 1048 3 255 10 20
65319.7 65318.8 1049 3 255 10 20
65442.6 65440.7 1051 3 255 5 100
65456.4 65455.4 1052 3 255 10 20
65458 65455.7 1053 3 255 10 20
65601.1 65599.8 1054 3 255 10 20
65751.4 65750.2 1055 3 255 10 20
65771.1 65770.2 1056 3 255 10 20
65918.7 65917.8 1057 3 255 10 20
65931.5 65930.2 1058 3 255 10 20
65952.5 65951.7 1059 3 255 10 20
66119.6 66118.7 1060 3 255 10 20
66182.5 66180.6 1061 3 255 5 100
66289.8 66288.9 1062 3 255 10 20
66308.4 66307.2 1063 3 255 10 20
66380.8 66379.6 1064 3 255 10 20
66390.6 66389.7 1065 3 255 10 20
66416.4 66415.6 1066 3 255 10 20
66436.3 66435.3 1067 3 255 10 20
66498.9 66498.1 1068 3 255 10 20
66559.8 66558.5 1069 3 255 10 20
66589.6 66588.8 1070 3 255 10 20
66596.3 66595.1 1071 3 255 10 20
66696.4 66695.5 1072 3 255 10 20
66958.6 66957.6 1073 3 255 10 20
66971 66968.9 1074 3 255 5 100
67087.5 67086.1 1076 3 255 10 20
67171.5 67170.1 1077 3 255 10 20
67277.6 67276.6 1079 3 255 10 20
67307.7 67306.3 1080 3 255 10 20
67375.9 67374.9 1082 3 255 10 20
67430.1 67428.9 1083 3 255 10 20
67603.5 67602.4 1084 3 255 10 20
67679.5 67677.1 1085 3 255 5 100
67698.4 67696.4 1086 3 255 5 100
67721.4 67720.2 1087 3 255 10 20
67773.7 67772.3 1088 3 255 10 20
67820.9 67819.9 1089 3 255 10 20
67865.4 67864 1090 3 255 10 20
67935.4 67933.9 1091 3 255 10 20
67970.7 67969.4 1092 3 255 10 20
67994 67992.5 1093 3 255 10 20
68148.9 68147.3 1094 3 255 10 20
68181.5 68180.3 1095 3 255 10 20
68283.9 68282.5 1096 3 255 10 20
68355.4 68354.1 1097 3 255 10 20
68391.8 68389.6 1098 3 255 5 100
68434.9 68432.7 1099 3 255 5 100
68449.4 68448.3 1100 3 255 10 20
68471.9 68470.7 1102 3 255 10 20
68520.1 68518.6 1103 3 255 10 20
68539.3 68538.1 1104 3 255 10 20
68590.4 68589.1 1105 3 255 10 20
68593 68591.6 1106 3 255 10 20
68653.9 68652.7 1107 3 255 10 20
68685.2 68684 1109 3 255 10 20
68747.5 68746.1 1110 3 255 10 20
69071.3 69070.1 1118 3 255 10 20
69296 69293.9 1122 3 255 10 20
72454.6 72452.8 1176 3 255 10 20
72807.1 72805.2 1179 3 255 10 20
74802.2 74799.8 1210 3 255 5 100
74969.4 74967.1 1211 3 255 5 100
74984.5 74982.4 1212 3 255 5 100
75144.1 75141 1213 3 255 5 100
75192.3 75190.3 1214 3 255 5 100
75244.9 75242.8 1215 3 255 5 100
75302 75299.8 1216 3 255 5 100
75315 75312 1217 3 255 5 100
75333 75330.7 1218 3 255 5 100
75650.7 75649.5 1220 3 255 10 20
75850.3 75849.1 1221 3 255 10 20
75938.1 75936.9 1222 3 255 10 20
75944.6 75943.3 1223 3 255 10 20
75987.8 75986.4 1224 3 255 10 20
76023.8 76021.6 1225 3 255 10 20
76071 76069.5 1226 3 255 10 20
76113.1 76111 1227 3 255 5 100
76235.7 76233.3 1228 3 255 5 100
76240.6 76237.2 1229 3 255 5 100
76245.4 76243.4 1230 3 255 10 20
76384.7 76383.2 1231 3 255 10 20
76403.6 76402.3 1232 3 255 10 20
76497.9 76496.6 1233 3 255 10 20
76502.9 76501.5 1234 3 255 10 20
76556.2 76555.1 1235 3 255 10 20
76738.6 76737.3 1237 3 255 10 20
76996.9 76995.5 1238 3 255 10 20
77057.2 77055.1 1239 3 255 5 100
77062 77058.4 1240 3 255 5 100
77106.5 77104.2 1241 3 255 10 20
77128.6 77127.1 1242 3 255 10 20
77334.3 77333.1 1243 3 255 10 20
77599.6 77597.7 1245 3 255 10 20
77623.3 77622.1 1246 3 255 10 20
77652.1 77650.2 1247 3 255 10 20
77682.9 77681.7 1248 3 255 10 20
77691.4 77689 1249 3 255 5 100
77731.4 77730 1250 3 255 10 20
77772.1 77770.9 1251 3 255 10 20
77779 77777.8 1252 3 255 10 20
77810.5 77809.4 1253 3 255 10 20
78024.4 78023.2 1254 3 255 10 20
78093.5 78092 1255 3 255 10 20
78265 78263.7 1256 3 255 10 20
78323.3 78322 1257 3 255 10 20
78430 78427.9 1258 3 255 5 100
78438 78436.8 1259 3 255 10 20
78594 78592.8 1260 3 255 10 20
78595.3 78594.4 1261 3 255 10 20
78752.6 78751.9 1262 3 255 10 20
78845.1 78844.2 1263 3 255 10 20
78890.2 78889.1 1264 3 255 10 20
79059.5 79058.6 1265 3 255 10 20
79270 79268.2 1266 3 255 5 100
79324.8 79323.7 1267 3 255 10 20
79327.4 79326 1268 3 255 10 20
79347.5 79346.4 1269 3 255 10 20
79442 79441 1270 3 255 10 20
79497.2 79494.5 1271 3 255 10 20
79715.5 79713.4 1273 3 255 10 20
79729.4 79728.7 1274 3 255 10 20
79774.9 79774.1 1275 3 255 10 20
79813.8 79813.2 1276 3 255 10 20
79830.7 79829.8 1277 3 255 10 20
79875.4 79874.4 1278 3 255 10 20
80083.7 80081.8 1279 3 255 5 100
80160.3 80159.3 1281 3 255 10 20
80202.1 80201.2 1282 3 255 10 20
80248.6 80246.9 1283 3 255 10 20
80326.6 80325.4 1284 3 255 10 20
80411 80410 1285 3 255 10 20
80460.1 80454.8 1286 3 255 10 20
80489.4 80488.4 1287 3 255 10 20
80589 80587.7 1288 3 255 10 20
80594.7 80593.4 1289 3 255 10 20
80640.3 80639.1 1290 3 255 10 20
80686.5 80685.1 1291 3 255 10 20
80742.5 80740.5 1293 3 255 5 100
80766.4 80764.4 1294 3 255 5 100
80851.8 80849.4 1295 3 255 5 100
80861.9 80860.6 1296 3 255 10 20
80956 80954.7 1297 3 255 10 20
80966.9 80965.8 1298 3 255 10 20
80999.7 80996.9 1299 3 255 10 20
81028.8 81027.5 1300 3 255 10 20
82100.4 82098.9 1322 3 255 10 20
87811.1 87808 1416 3 255 5 100
88414.8 88412.3 1425 3 255 5 100
88509.6 88506.9 1427 3 255 5 100
88589.1 88586.7 1428 3 255 5 100
88647.9 88645.4 1429 3 255 5 100
88735.7 88733.2 1431 3 255 5 100
88826 88823.5 1432 3 255 5 100
88900 88897.6 1433 3 255 5 100
88986.5 88983.7 1435 3 255 5 100
89067.2 89065.1 1437 3 255 5 100
89115.5 89113.1 1438 3 255 5 100
89136.9 89132.9 1440 3 255 5 100
89141.8 89139.1 1441 3 255 5 100
89260.1 89257.7 1442 3 255 5 100
89362.1 89359.1 1445 3 255 5 100
89650.8 89648.4 1448 3 255 5 100
89678.4 89676.1 1449 3 255 5 100
89793 89790.5 1450 3 255 5 100
89808.1 89805.6 1451 3 255 5 100
89812.6 89809.7 1452 3 255 5 100
89998.7 89995.9 1453 3 255 5 100
90034.5 90031.8 1454 3 255 5 100
90074.5 90072.1 1456 3 255 5 100
90157.7 90155.6 1457 3 255 5 100
90308.4 90306.4 1458 3 255 5 100
90422 90419.5 1459 3 255 5 100
90431 90429 1460 3 255 5 100
90502.1 90501.1 1461 3 255 10 20
90517.1 90515.9 1462 3 255 10 20
90574.9 90573.4 1463 3 255 10 20
90591.5 90590.3 1464 3 255 10 20
90638.9 90637.5 1466 3 255 10 20
90641 90639.8 1467 3 255 10 20
90646.4 90645 1468 3 255 10 20
90674 90672.9 1469 3 255 10 20
90751.3 90750 1471 3 255 10 20
90758 90756.5 1472 3 255 10 20
90927.5 90926.3 1473 3 255 10 20
90957.6 90956.1 1474 3 255 10 20
91156.9 91155.6 1476 3 255 10 20
91187.1 91184.7 1477 3 255 5 100
91257.9 91255.5 1478 3 255 5 100
91353.4 91351.1 1479 3 255 5 100
91384.9 91383.6 1480 3 255 10 20
91552.6 91551.2 1481 3 255 10 20
91668.8 91667.4 1482 3 255 10 20
91695.1 91692.2 1483 3 255 10 20
91855.8 91854.7 1484 3 255 10 20
91910.8 91909.5 1485 3 255 10 20
91927.9 91926.8 1486 3 255 10 20
91929.3 91928.3 1487 3 255 10 20
91940 91938.8 1488 3 255 10 20
92034.2 92032.9 1489 3 255 10 20
92128.3 92125.9 1491 3 255 5 100
92140.6 92138.7 1493 3 255 5 100
92150.9 92149.6 1494 3 255 10 20
92192.5 92191.5 1495 3 255 10 20
92218.6 92217.3 1496 3 255 10 20
92506.4 92504.7 1499 3 255 10 20
92650.6 92649.6 1500 3 255 10 20
92749.5 92748.4 1502 3 255 10 20
92763.6 92761.6 1503 3 255 5 100
92817.6 92816.3 1504 3 255 10 20
92822.8 92821.7 1505 3 255 10 20
92825.7 92823.5 1506 3 255 10 20
92891.6 92890.6 1507 3 255 10 20
92987 92985.8 1508 3 255 10 20
93023.1 93021.8 1509 3 255 10 20
93070.8 93069.6 1510 3 255 10 20
93437.2 93436.3 1511 3 255 10 20
93462.7 93461.9 1512 3 255 10 20
93510.8 93508.7 1514 3 255 5 100
93563.4 93562.1 1515 3 255 10 20
93579.2 93578 1516 3 255 10 20
93690 93688.8 1517 3 255 10 20
93749.2 93747.6 1518 3 255 10 20
93856.5 93855.2 1519 3 255 10 20
93939.3 93938.2 1520 3 255 10 20
94006 94004.9 1522 3 255 10 20
94751.9 94750.7 1531 3 255 10 20
96806.3 96804.7 1567 3 255 10 20
96919.5 96916.8 1569 3 255 5 100
97726.2 97722.6 1580 3 255 5 100
99665.5 99662.4 1614 3 255 10 20
