41.7445 39.9998 1 2 255 5 100
67.5718 67.0507 2 2 255 10 20
90.6713 89.7903 3 2 255 10 20
118.538 117.858 4 2 255 10 20
199.657 197.978 6 2 255 10 20
214.853 214.049 7 2 255 10 20
239.185 238.284 8 2 255 10 20
249.714 248.697 9 2 255 10 20
294.904 294.129 10 2 255 10 20
354.61 353.807 11 2 255 10 20
487.554 486.635 12 2 255 10 20
533.065 532.223 13 2 255 10 20
607.709 606.588 14 2 255 10 20
650.04 649.026 15 2 255 10 20
658.956 655.661 16 2 255 5 100
686.436 685.292 17 2 255 10 20
745.894 744.861 18 2 255 10 20
999.15 997.169 19 2 255 10 20
1047.8 1045.87 20 2 255 10 20
1060.33 1059.25 21 2 255 10 20
1172.93 1171.64 23 2 255 10 20
1263.45 1262.26 25 2 255 10 20
1279.34 1277.27 26 2 255 5 100
1412.92 1411.6 27 2 255 10 20
1439.7 1438.58 28 2 255 10 20
1472.38 1471.18 29 2 255 10 20
1559.86 1553.93 30 2 255 10 20
1573.77 1572.32 31 2 255 10 20
1632.99 1630.07 32 2 255 10 20
1646.99 1637.55 33 2 255 10 20
1670.75 1669.06 34 2 255 10 20
1682.19 1680.81 35 2 255 10 20
1698.33 1696.93 36 2 255 10 20
1718.29 1717.12 37 2 255 10 20
1720.65 1719.5 38 2 255 10 20
1730.47 1729.15 39 2 255 10 20
1879.65 1877.34 40 2 255 10 20
1943.34 1941.28 42 2 255 5 100
1955.26 1953.96 44 2 255 10 20
2040.82 2039.46 45 2 255 10 20
2043.18 2042.12 46 2 255 10 20
2064.42 2063.02 47 2 255 10 20
2167.4 2165.86 50 2 255 10 20
2576.37 2574.82 59 2 255 10 20
3497.3 3495.53 69 2 255 10 20
4213.54 4211.28 81 2 255 10 20
5593.81 5591.28 103 2 255 10 20
6010.15 6007.89 111 2 255 10 20
10252.7 10251.5 175 2 255 10 20
10254 10252.7 176 2 255 10 20
10270.3 10269.3 177 2 255 10 20
10273.8 10272.2 178 2 255 10 20
10459.3 10458.2 182 2 255 10 20
10525.9 10524.9 183 2 255 10 20
10557.5 10556.3 184 2 255 10 20
10580.7 10579.8 185 2 255 10 20
10592.1 10590.8 186 2 255 10 20
10640.2 10639 187 2 255 10 20
10689.9 10688.9 189 2 255 10 20
10763.6 10761.4 191 2 255 5 100
10817.9 10815.8 192 2 255 5 100
10858 10855.9 193 2 255 5 100
10891.9 10889.9 194 2 255 5 100
10900.7 10898.6 195 2 255 5 100
10916.7 10914.4 196 2 255 5 100
10923 10920.6 197 2 255 5 100
11037.4 11036.4 199 2 255 10 20
11123.5 11122.5 200 2 255 10 20
11319.9 11319.1 201 2 255 10 20
11379.2 11378.3 202 2 255 10 20
11425.2 11424 203 2 255 10 20
11464.8 11463.6 204 2 255 10 20
11468.5 11467.5 205 2 255 10 20
11568.5 11567.6 206 2 255 10 20
11576.1 11575.1 207 2 255 10 20
11665 11663.9 208 2 255 10 20
11688.3 11687.5 209 2 255 10 20
11701.1 11700.3 210 2 255 10 20
11772.7 11771.8 211 2 255 10 20
11813.1 11812.2 212 2 255 10 20
11920.5 11919.6 213 2 255 10 20
12018.8 12017 215 2 255 5 100
12108.6 12107.7 217 2 255 10 20
12133.2 12132.3 218 2 255 10 20
12178.2 12176.5 219 2 255 10 20
12235.3 12234.3 220 2 255 10 20
12290.1 12289 221 2 255 10 20
12317 12315.2 222 2 255 10 20
12441.2 12440 223 2 255 10 20
12611.9 12610.4 226 2 255 10 20
12670.5 12669.2 227 2 255 10 20
12760.5 12759.2 228 2 255 10 20
12956.3 12955.5 229 2 255 10 20
13216 13209.6 230 2 255 10 20
13463.6 13462.5 231 2 255 10 20
13533.8 13533 232 2 255 10 20
13753.2 13752.3 234 2 255 10 20
13859.2 13857 235 2 255 5 100
13891.2 13889.6 236 2 255 10 20
13917.1 13916.3 237 2 255 10 20
13971 13969.9 238 2 255 10 20
13983.1 13982.3 239 2 255 10 20
14013 14012 241 2 255 10 20
14032.9 14031.8 242 2 255 10 20
14067.9 14066.9 243 2 255 10 20
14159.5 14158.6 244 2 255 10 20
14160.9 14159.5 245 2 255 10 20
14284.1 14282.9 246 2 255 10 20
14488.8 14487.7 247 2 255 10 20
14509 14506.6 248 2 255 10 20
14522.3 14521.2 249 2 255 10 20
14639.5 14637.4 250 2 255 5 100
14655.1 14654 251 2 255 10 20
14817.5 14816.3 252 2 255 10 20
14849 14846.2 253 2 255 10 20
14905 14903.8 254 2 255 10 20
14936.6 14935.3 255 2 255 10 20
14970 14968.8 256 2 255 10 20
19375.2 19372.6 321 2 255 10 20
21830.7 21828.1 362 2 255 5 100
21858.7 21856.7 365 2 255 10 20
21949.4 21947.8 366 2 255 10 20
22013.9 22012.8 367 2 255 10 20
22015.9 22014.6 368 2 255 10 20
22083 22081.6 369 2 255 10 20
22084.6 22083.1 370 2 255 10 20
22235.9 22233.9 371 2 255 10 20
22397.3 22395.8 372 2 255 10 20
22432.7 22431.3 373 2 255 10 20
22483.1 22481.8 374 2 255 10 20
22559.7 22558 375 2 255 10 20
22643.5 22642.1 376 2 255 10 20
22653.1 22651.9 377 2 255 10 20
22676.6 22675.3 378 2 255 10 20
22681.5 22680.5 379 2 255 10 20
22775.4 22773.9 380 2 255 10 20
22900.6 22898.3 381 2 255 10 20
22947.8 22945.6 383 2 255 5 100
23140.3 23138.4 384 2 255 5 100
23302.5 23298.8 385 2 255 5 100
23324.9 23323 386 2 255 5 100
23346.7 23344.4 387 2 255 5 100
23577.1 23574.9 388 2 255 5 100
23594.5 23592.2 389 2 255 5 100
23637.9 23635.9 390 2 255 5 100
23654 23651.9 391 2 255 5 100
23660.5 23658.5 392 2 255 5 100
23821.4 23819 393 2 255 5 100
23829 23826.4 394 2 255 5 100
23847.6 23845.5 395 2 255 10 20
23883.2 23882 396 2 255 10 20
23996.9 23995.6 397 2 255 10 20
24025.3 24024.3 398 2 255 10 20
24045.9 24045.1 399 2 255 10 20
24061.6 24060.5 400 2 255 10 20
24085.5 24084.3 401 2 255 10 20
24088 24086.9 402 2 255 10 20
24232 24231.1 404 2 255 10 20
24328.7 24327.8 405 2 255 10 20
24338.4 24337.4 406 2 255 10 20
24348.3 24347.2 407 2 255 10 20
24384.4 24376.8 408 2 255 10 20
24411.9 24411 409 2 255 10 20
24427.3 24426 410 2 255 10 20
24591 24589.9 411 2 255 10 20
24612.8 24610.8 412 2 255 5 100
24665.3 24664 413 2 255 10 20
24681.3 24680 414 2 255 10 20
24687.2 24686.3 415 2 255 10 20
24823.8 24822.8 418 2 255 10 20
24921.2 24920.2 420 2 255 10 20
25084.4 25083.5 421 2 255 10 20
25094.6 25093.4 422 2 255 10 20
25268.2 25267 423 2 255 10 20
25300.9 25298.8 424 2 255 5 100
25379.2 25378 426 2 255 10 20
25394.7 25393.6 427 2 255 10 20
25467.6 25466.4 428 2 255 10 20
25576.6 25575.4 430 2 255 10 20
25585.3 25584.3 431 2 255 10 20
25611.5 25610.7 432 2 255 10 20
25616.2 25615.3 433 2 255 10 20
25689.9 25688.9 434 2 255 10 20
25716.6 25715.8 435 2 255 10 20
25787.2 25786.4 436 2 255 10 20
25879 25878 438 2 255 10 20
25898.7 25897.9 439 2 255 10 20
25926.3 25925.3 440 2 255 10 20
26034.7 26032.7 441 2 255 5 100
26098 26097.1 442 2 255 10 20
26104.3 26103.2 443 2 255 10 20
26182.9 26182.1 444 2 255 10 20
26341.5 26340.8 445 2 255 10 20
26344.3 26343.2 446 2 255 10 20
26408.9 26407.8 447 2 255 10 20
26423.6 26422.9 448 2 255 10 20
26500.2 26499.1 450 2 255 10 20
26527.9 26527 451 2 255 10 20
26630.6 26629.3 452 2 255 10 20
26651.2 26650.5 453 2 255 10 20
26685.9 26683.8 454 2 255 5 100
26799.4 26798.5 455 2 255 10 20
26897.2 26896.3 457 2 255 10 20
26909.5 26908.7 458 2 255 10 20
27014.2 27013.4 459 2 255 10 20
27159.1 27158.4 460 2 255 10 20
27194.5 27193.7 461 2 255 10 20
27352.3 27351 462 2 255 10 20
27381.1 27380 463 2 255 10 20
27488.9 27488.2 464 2 255 10 20
27551 27549 466 2 255 5 100
27560.2 27558.4 467 2 255 5 100
27564.3 27560.1 468 2 255 5 100
27626 27624.8 469 2 255 10 20
27694.2 27693.3 470 2 255 10 20
27698.4 27697.5 471 2 255 10 20
27729.3 27727 472 2 255 10 20
27986.7 27985.7 475 2 255 10 20
28059 28057.9 476 2 255 10 20
28180.5 28179.4 477 2 255 10 20
28209.8 28207.6 478 2 255 5 100
28214.5 28211.6 479 2 255 5 100
28222.1 28213 480 2 255 10 20
28224.1 28219.4 482 2 255 10 20
28237.6 28236.4 483 2 255 10 20
28291.7 28290.2 484 2 255 10 20
28430.6 28429.1 485 2 255 10 20
28436.1 28434.6 486 2 255 10 20
28480.6 28479.4 487 2 255 10 20
28604.4 28602.9 488 2 255 10 20
28678.9 28677.4 489 2 255 10 20
28928.5 28927.1 494 2 255 10 20
29825.8 29823.4 506 2 255 5 100
30640.6 30635.2 524 2 255 10 20
30760.9 30757.3 527 2 255 5 100
30919.4 30917.6 529 2 255 10 20
34762.6 34761.4 592 2 255 10 20
35359.3 35358.2 596 2 255 10 20
35421.8 35416.6 598 2 255 10 20
35440.5 35439.2 599 2 255 10 20
35542.7 35541.6 600 2 255 10 20
35679.1 35677.9 601 2 255 10 20
35762.9 35761.5 602 2 255 10 20
35800.7 35799.7 603 2 255 10 20
35836.8 35835.7 604 2 255 10 20
35855.9 35853.8 605 2 255 10 20
35915.7 35914.7 606 2 255 10 20
35929.8 35927.7 607 2 255 5 100
36073 36071.6 608 2 255 10 20
36083.4 36082.3 609 2 255 10 20
36165.9 36164.5 610 2 255 10 20
36214.5 36213.3 611 2 255 10 20
36437.6 36436.6 612 2 255 10 20
36448.1 36446.4 613 2 255 10 20
36483.1 36482.1 614 2 255 10 20
36491.6 36488.4 615 2 255 10 20
36501.9 36500.9 616 2 255 10 20
36611.7 36610.6 617 2 255 10 20
36627 36625.9 618 2 255 10 20
36701.1 36699 619 2 255 5 100
36861.3 36860.1 620 2 255 10 20
36921.8 36920.8 621 2 255 10 20
36923.2 36922.2 622 2 255 10 20
36986.5 36985.4 623 2 255 10 20
37065.4 37064.2 624 2 255 10 20
37140.5 37139.2 625 2 255 10 20
37163.4 37162.5 626 2 255 10 20
37224.4 37221.1 627 2 255 10 20
37237.3 37236.5 628 2 255 10 20
37359.9 37358.6 630 2 255 10 20
37368.7 37366.8 631 2 255 5 100
37382.2 37381.4 632 2 255 10 20
37534.5 37533.6 633 2 255 10 20
37539.8 37538.9 634 2 255 10 20
37654.5 37653.5 635 2 255 10 20
37679.4 37678.2 636 2 255 10 20
38091.1 38090.3 638 2 255 10 20
38098.7 38096.6 639 2 255 5 100
38319 38317.9 642 2 255 10 20
38365.5 38364.4 643 2 255 10 20
38404.7 38402.7 644 2 255 10 20
38453.9 38453 645 2 255 10 20
38466.3 38465 646 2 255 10 20
38506.7 38505.6 647 2 255 10 20
38544.1 38542.9 648 2 255 10 20
38563.6 38562.4 649 2 255 10 20
38619.2 38618 650 2 255 10 20
38666.9 38665.9 651 2 255 10 20
38823.7 38822.6 652 2 255 10 20
38938.6 38936.5 653 2 255 5 100
39035.9 39034.7 654 2 255 10 20
39045.9 39044.7 655 2 255 10 20
39113.6 39112.5 656 2 255 10 20
39213 39212.2 657 2 255 10 20
39485.4 39484.5 660 2 255 10 20
39490.9 39489.8 661 2 255 10 20
39537.9 39537.1 662 2 255 10 20
39562.3 39561.1 663 2 255 10 20
39587.1 39585 664 2 255 5 100
39910.7 39909.7 665 2 255 10 20
39941.4 39940.5 667 2 255 10 20
39975.5 39974.5 669 2 255 10 20
40112.8 40111.5 670 2 255 10 20
40124.5 40123.6 671 2 255 10 20
40246.8 40245.8 672 2 255 10 20
40263.7 40262.3 673 2 255 10 20
40307.6 40305.4 674 2 255 5 100
40960.4 40957.5 688 2 255 5 100
41360.4 41358.6 693 2 255 10 20
41742.6 41741 700 2 255 10 20
47368.7 47367.2 797 2 255 10 20
47850.2 47847.8 804 2 255 10 20
48475.7 48474.5 818 2 255 10 20
48671.4 48669.9 819 2 255 10 20
48758.4 48757 820 2 255 10 20
48777.7 48776.4 821 2 255 10 20
48793.2 48792 822 2 255 10 20
48846.6 48844.1 824 2 255 5 100
48863.2 48861 825 2 255 5 100
48880.6 48878.3 826 2 255 5 100
49088 49085.4 827 2 255 5 100
49149.2 49146.7 828 2 255 5 100
49419.3 49418 830 2 255 10 20
49483.7 49482.6 831 2 255 10 20
49486.6 49485.1 832 2 255 10 20
49653.6 49652.4 833 2 255 10 20
49783.3 49782.2 834 2 255 10 20
50031.7 50030.3 835 2 255 10 20
50202.7 50201.3 836 2 255 10 20
50286 50285.1 837 2 255 10 20
50339.1 50336.8 839 2 255 5 100
50397.8 50395.9 840 2 255 5 100
50424.1 50422.1 841 2 255 5 100
50483.3 50482.2 842 2 255 10 20
50643 50641.9 843 2 255 10 20
50663.7 50662.4 844 2 255 10 20
50696 50694.5 845 2 255 10 20
50725.4 50723.4 846 2 255 10 20
50765.2 50763.5 847 2 255 10 20
50819.2 50818.2 848 2 255 10 20
50824.9 50824 849 2 255 10 20
51022.8 51021.7 852 2 255 10 20
51033 51032.2 853 2 255 10 20
51088.6 51086.8 854 2 255 5 100
51112.1 51111.3 855 2 255 10 20
51115.7 51114.6 856 2 255 10 20
51187.5 51186.5 857 2 255 10 20
51283.7 51282.9 858 2 255 10 20
51340.2 51339.5 859 2 255 10 20
51417 51416 860 2 255 10 20
51466.6 51465.2 861 2 255 10 20
51525.2 51524.5 862 2 255 10 20
51588.4 51587.8 863 2 255 10 20
51636.6 51635.9 864 2 255 10 20
51665.4 51664.7 865 2 255 10 20
51712.6 51712 866 2 255 10 20
51753.2 51751.4 867 2 255 5 100
51794.6 51793.7 868 2 255 10 20
51926.2 51925.7 869 2 255 10 20
51934.1 51933.6 870 2 255 10 20
52019.5 52019 871 2 255 10 20
52077.6 52076.8 872 2 255 10 20
52087.4 52086.7 873 2 255 10 20
52129.6 52128.9 874 2 255 10 20
52263.5 52262.7 875 2 255 10 20
52332.5 52331.8 877 2 255 10 20
52337.5 52336.9 878 2 255 10 20
52341 52340.3 879 2 255 10 20
52388.6 52387.9 880 2 255 10 20
52408.2 52407.6 881 2 255 10 20
52438.7 52436.8 882 2 255 5 100
52518.3 52517.7 884 2 255 10 20
52639 52638.1 885 2 255 10 20
52645 52643.9 886 2 255 10 20
52692.3 52691.2 887 2 255 10 20
52695.8 52694.8 888 2 255 10 20
52718.4 52717.7 889 2 255 10 20
52762.1 52760.9 890 2 255 10 20
52801.2 52800.1 891 2 255 10 20
52959.3 52957.7 892 2 255 10 20
52998.7 52997.4 893 2 255 10 20
53134.3 53133.2 894 2 255 10 20
53146.3 53144.1 895 2 255 5 100
53207.5 53206.3 896 2 255 10 20
53218.3 53217.3 897 2 255 10 20
53293.9 53292.8 898 2 255 10 20
53298.3 53296.4 899 2 255 10 20
53319.5 53317 900 2 255 10 20
53332.9 53331.4 901 2 255 10 20
53452.2 53450.8 902 2 255 10 20
53469.9 53468.5 903 2 255 10 20
54022.8 54019.6 910 2 255 10 20
54357.1 54354.4 920 2 255 5 100
54365.6 54363.9 921 2 255 10 20
54820.9 54819.4 931 2 255 10 20
57807.2 57805.4 976 2 255 10 20
60248.3 60245.8 1014 2 255 5 100
60548.9 60547 1019 2 255 10 20
61401.4 61399 1029 2 255 10 20
61874.4 61871.9 1037 2 255 5 100
61891 61888.5 1038 2 255 5 100
62113 62110.8 1039 2 255 5 100
62203.2 62200.7 1040 2 255 5 100
62302.9 62300.7 1041 2 255 5 100
62366.5 62364.1 1042 2 255 5 100
62395 62392.7 1043 2 255 5 100
62449.4 62447.1 1044 2 255 5 100
62512.2 62508.9 1045 2 255 5 100
62529.3 62527 1046 2 255 5 100
62667.6 62665.4 1049 2 255 5 100
62705.5 62703.1 1050 2 255 5 100
62754.7 62752.5 1051 2 255 5 100
62970.2 62967.9 1052 2 255 5 100
62976.9 62974.1 1053 2 255 5 100
63037 63034.9 1055 2 255 5 100
63079.5 63077.1 1056 2 255 5 100
63186.1 63184.2 1057 2 255 5 100
63218.1 63216.9 1059 2 255 10 20
63329.6 63328.6 1060 2 255 10 20
63368 63366 1062 2 255 10 20
63442.1 63441.1 1063 2 255 10 20
63460.1 63459 1064 2 255 10 20
63697.4 63695.8 1065 2 255 10 20
63743.8 63742.4 1066 2 255 10 20
63854.6 63853.5 1067 2 255 10 20
63885.2 63883 1068 2 255 5 100
63913.2 63912.2 1069 2 255 10 20
63917.4 63916.2 1070 2 255 10 20
63992.8 63991.5 1071 2 255 10 20
64015.4 64014.4 1072 2 255 10 20
64027.3 64026.2 1073 2 255 10 20
64068.6 64067.4 1074 2 255 10 20
64070.7 64068.6 1075 2 255 10 20
64106.5 64103.9 1076 2 255 10 20
64369.4 64368.5 1078 2 255 10 20
64411.4 64410.4 1079 2 255 10 20
64508.9 64508 1081 2 255 10 20
64526.5 64524.6 1082 2 255 5 100
64574.8 64573.7 1083 2 255 10 20
64597.5 64595.3 1084 2 255 10 20
64637 64635.9 1085 2 255 10 20
64699.3 64698.3 1086 2 255 10 20
64738.1 64737.2 1087 2 255 10 20
64751.3 64750.5 1088 2 255 10 20
64819.1 64813.9 1089 2 255 10 20
64929.4 64928.6 1090 2 255 10 20
65094.6 65094 1091 2 255 10 20
65202.7 65201.8 1092 2 255 10 20
65288.4 65286.4 1093 2 255 5 100
65302.4 65301.4 1094 2 255 10 20
65311.5 65310.7 1095 2 255 10 20
65332.2 65331.6 1096 2 255 10 20
65341.8 65341.1 1097 2 255 10 20
65383.8 65383 1098 2 255 10 20
65389.9 65389 1099 2 255 10 20
65391.3 65389.2 1100 2 255 10 20
65392.4 65390.2 1101 2 255 10 20
65394.1 65391.7 1103 2 255 10 20
65424.9 65424 1104 2 255 10 20
65435.8 65434.9 1105 2 255 10 20
65474.7 65474 1106 2 255 10 20
65531.9 65531.3 1107 2 255 10 20
65559.7 65558.9 1108 2 255 10 20
65614.2 65613.4 1109 2 255 10 20
65627.1 65626.5 1110 2 255 10 20
65656.8 65656.3 1111 2 255 10 20
65747.5 65746.5 1112 2 255 10 20
65861.4 65860.7 1113 2 255 10 20
65940.2 65939.6 1114 2 255 10 20
65997.3 65995.6 1115 2 255 5 100
66031.5 66030.9 1116 2 255 10 20
66054.9 66053.9 1117 2 255 10 20
66273.2 66272.4 1119 2 255 10 20
66350.9 66349.9 1120 2 255 10 20
66374.5 66373.6 1121 2 255 10 20
66420.3 66419.3 1122 2 255 10 20
66557.2 66555.5 1123 2 255 10 20
66614.3 66613 1124 2 255 10 20
66725.4 66723.5 1125 2 255 5 100
66923.1 66922.1 1126 2 255 10 20
67001.6 67000.5 1127 2 255 10 20
67009.7 67008.4 1128 2 255 10 20
67013.1 67012.1 1129 2 255 10 20
67027.1 67025.8 1130 2 255 10 20
67167.7 67166.5 1132 2 255 10 20
67204.2 67203.1 1133 2 255 10 20
67220 67218.5 1134 2 255 10 20
67280.6 67278.6 1135 2 255 10 20
67329.1 67327.8 1136 2 255 10 20
67397.4 67396.2 1137 2 255 10 20
67461.7 67459.2 1138 2 255 5 100
67470.9 67460.1 1139 2 255 5 100
67497.4 67494.9 1141 2 255 5 100
67553.2 67551.6 1142 2 255 10 20
67558.9 67557.7 1143 2 255 10 20
67611.4 67610.1 1144 2 255 10 20
67711.7 67709 1146 2 255 10 20
68663.1 68660.5 1164 2 255 10 20
70140.3 70138.3 1190 2 255 10 20
74527.1 74525.2 1273 2 255 10 20
74948.1 74946.6 1281 2 255 10 20
75065.5 75064.1 1284 2 255 10 20
75098.1 75097 1285 2 255 10 20
75153.7 75152.3 1286 2 255 10 20
75163.9 75162.3 1287 2 255 10 20
75213.6 75212.1 1288 2 255 10 20
75245.8 75243.6 1289 2 255 10 20
75394.4 75393.3 1291 2 255 10 20
75399.1 75397.9 1292 2 255 10 20
75451.7 75450.5 1293 2 255 10 20
75471.9 75470.7 1294 2 255 10 20
75623.7 75622.6 1295 2 255 10 20
75688.5 75687.2 1296 2 255 10 20
75693.3 75692.1 1297 2 255 10 20
75851.7 75850.2 1298 2 255 10 20
75877.6 75876.4 1299 2 255 10 20
76088.6 76086.2 1301 2 255 5 100
76167.7 76165.2 1302 2 255 5 100
76450.3 76448.9 1304 2 255 10 20
76592.8 76590.3 1305 2 255 10 20
76643.9 76642.6 1306 2 255 10 20
76724.9 76723.5 1307 2 255 10 20
76735.2 76734.3 1308 2 255 10 20
76766.6 76765.3 1309 2 255 10 20
76873.4 76872.3 1310 2 255 10 20
76905.7 76904.5 1311 2 255 10 20
76954.7 76953.8 1312 2 255 10 20
76974.8 76973.5 1313 2 255 10 20
76988.7 76987.7 1314 2 255 10 20
77009.1 77008 1315 2 255 10 20
77101.1 77099.6 1316 2 255 10 20
77109.7 77108.4 1317 2 255 10 20
77120.8 77119.6 1318 2 255 10 20
77185.9 77184.8 1319 2 255 10 20
77368 77365.7 1320 2 255 5 100
77384.7 77383.7 1321 2 255 10 20
77427.4 77426.4 1322 2 255 10 20
77479.4 77478.1 1323 2 255 10 20
77550.7 77549.8 1324 2 255 10 20
77605.4 77604.3 1325 2 255 10 20
77614.8 77613.4 1326 2 255 10 20
77713.5 77712.1 1327 2 255 10 20
77740.8 77739.5 1328 2 255 10 20
77749.9 77749 1329 2 255 10 20
77800.3 77799.3 1330 2 255 10 20
77841.1 77840 1331 2 255 10 20
77989 77986.2 1332 2 255 10 20
78061 78059.9 1333 2 255 10 20
78088.1 78086.1 1334 2 255 5 100
78144 78138.1 1335 2 255 10 20
78245 78243.5 1336 2 255 10 20
78255.8 78255 1337 2 255 10 20
78257.5 78255.9 1338 2 255 10 20
78299.8 78298.6 1339 2 255 10 20
78361.7 78360.8 1340 2 255 10 20
78545 78544.1 1341 2 255 10 20
78639.2 78638.2 1342 2 255 10 20
78660.2 78659 1343 2 255 10 20
78688.6 78687.4 1344 2 255 10 20
78722.4 78720.3 1345 2 255 5 100
78776.6 78774.6 1346 2 255 10 20
78829.9 78829.1 1347 2 255 10 20
78916.1 78915.2 1348 2 255 10 20
79086.9 79085.8 1349 2 255 10 20
79253.8 79252.6 1351 2 255 10 20
79292.7 79291.7 1352 2 255 10 20
79358.5 79357.4 1353 2 255 10 20
79541.7 79536 1354 2 255 10 20
79544.8 79542.9 1356 2 255 5 100
79618 79608.6 1357 2 255 10 20
79643.1 79642 1358 2 255 10 20
79660.8 79660 1359 2 255 10 20
79759.5 79758.6 1360 2 255 10 20
79914.5 79913.4 1361 2 255 10 20
80064.8 80063.8 1362 2 255 10 20
80322.1 80320.6 1365 2 255 10 20
80355 80352.7 1366 2 255 5 100
80368.8 80367.5 1367 2 255 10 20
80396.2 80395 1368 2 255 10 20
80447.5 80446.4 1369 2 255 10 20
80516.8 80514.7 1370 2 255 10 20
82107.4 82105.9 1397 2 255 10 20
82716.7 82714.2 1403 2 255 5 100
86739.7 86738.2 1462 2 255 10 20
88011.2 88009.9 1489 2 255 10 20
88156.3 88154.9 1491 2 255 10 20
88174.4 88173.3 1492 2 255 10 20
88305.3 88304.1 1493 2 255 10 20
88333.2 88331.7 1494 2 255 10 20
88338 88336.9 1495 2 255 10 20
88507.6 88506.4 1496 2 255 10 20
88797 88795.7 1497 2 255 10 20
88940.7 88939.4 1500 2 255 10 20
88982.2 88981 1501 2 255 10 20
89030.1 89029 1502 2 255 10 20
89038.4 89036.9 1503 2 255 10 20
89044.7 89043.3 1504 2 255 10 20
89071 89067.4 1505 2 255 10 20
89190.2 89187.7 1507 2 255 10 20
89298.8 89297.4 1508 2 255 10 20
89318.6 89316.5 1509 2 255 10 20
89329.8 89328.7 1510 2 255 10 20
89393 89391.6 1511 2 255 10 20
89401.3 89399.9 1512 2 255 10 20
89417.8 89416.3 1513 2 255 10 20
89492.2 89490.8 1514 2 255 10 20
89561.3 89557.1 1515 2 255 10 20
89642.5 89640.4 1516 2 255 5 100
89664.6 89663.2 1517 2 255 10 20
89707.9 89706 1518 2 255 10 20
89783.1 89781.9 1519 2 255 10 20
89873.4 89872 1522 2 255 10 20
89896.9 89895.9 1523 2 255 10 20
90082.3 90080.9 1524 2 255 10 20
90127.4 90126.2 1525 2 255 10 20
90134.4 90133.1 1526 2 255 10 20
90168.8 90167.5 1527 2 255 10 20
90224.2 90222.9 1528 2 255 10 20
90287.9 90286.8 1529 2 255 10 20
90397.9 90396.7 1530 2 255 10 20
90405.7 90403.5 1531 2 255 5 100
90462.5 90461.5 1532 2 255 10 20
90514 90513 1533 2 255 10 20
90758.9 90757.9 1534 2 255 10 20
90878.3 90877 1536 2 255 10 20
90953 90952 1537 2 255 10 20
90991.7 90989.2 1538 2 255 10 20
91119.9 91119 1539 2 255 10 20
91306.2 91304.2 1541 2 255 5 100
91366.5 91365.5 1542 2 255 10 20
91570.2 91569 1543 2 255 10 20
91577 91575.7 1544 2 255 10 20
91596.5 91595.7 1545 2 255 10 20
91647.8 91646.8 1546 2 255 10 20
91750.1 91748.9 1547 2 255 10 20
91774.3 91773.1 1548 2 255 10 20
91808.8 91807.7 1549 2 255 10 20
91821.8 91820.9 1550 2 255 10 20
91825 91823 1551 2 255 10 20
91840.6 91839.7 1552 2 255 10 20
91870.1 91868.3 1553 2 255 10 20
91923 91921.6 1554 2 255 10 20
91982.2 91980.2 1555 2 255 5 100
92172 92170.9 1556 2 255 10 20
92203 92201.9 1557 2 255 10 20
92211.2 92210 1558 2 255 10 20
92350.2 92349 1559 2 255 10 20
92454.4 92453.2 1560 2 255 10 20
92540 92538.8 1562 2 255 10 20
92652 92651 1563 2 255 10 20
92661.8 92660 1564 2 255 5 100
92669.2 92667.9 1565 2 255 10 20
92803.7 92802.6 1566 2 255 10 20
93027.5 93026.7 1568 2 255 10 20
93129.6 93128.4 1569 2 255 10 20
93134.1 93133.1 1570 2 255 10 20
93225.9 93223.5 1571 2 255 10 20
93227.4 93226 1572 2 255 10 20
93255.4 93254.6 1573 2 255 10 20
93360.8 93359.7 1574 2 255 10 20
93405.4 93403.6 1575 2 255 5 100
93410.1 93406.2 1576 2 255 5 100
93444.5 93442.3 1577 2 255 10 20
93448.9 93448.1 1578 2 255 10 20
93455.3 93454.1 1579 2 255 10 20
93468.5 93467.3 1580 2 255 10 20
93549.1 93548 1581 2 255 10 20
93602.4 93600.6 1582 2 255 10 20
93619.7 93618.5 1583 2 255 10 20
93631.4 93630.5 1584 2 255 10 20
93656.8 93655.6 1585 2 255 10 20
93670 93669.1 1586 2 255 10 20
93839.7 93838.5 1587 2 255 10 20
93859.1 93858 1588 2 255 10 20
93866.6 93865.7 1589 2 255 10 20
93893.5 93892.3 1590 2 255 10 20
93942.2 93941.1 1591 2 255 10 20
94067.3 94066 1592 2 255 10 20
94095.1 94094 1593 2 255 10 20
94188.4 94187.5 1595 2 255 10 20
94212.2 94211.1 1596 2 255 10 20
94227.1 94225.2 1597 2 255 5 100
95776.2 95774.4 1628 2 255 10 20
98069.3 98067.7 1658 2 255 10 20
