71.4463 69.3561 1 1 255 5 100
96.0955 94.5864 2 1 255 10 20
118.359 97.504 3 1 255 10 20
165.526 155.649 4 1 255 10 20
243.33 242.29 6 1 255 10 20
247.845 246.252 7 1 255 10 20
340.562 339.291 8 1 255 10 20
552.736 551.492 10 1 255 8 32
579.324 578.285 11 1 255 10 20
594.053 593.081 12 1 255 10 20
652.724 651.633 13 1 255 10 20
705.307 703.952 14 1 255 10 20
707.427 706.539 15 1 255 10 20
735.881 716.305 17 1 255 5 100
847.212 845.14 18 1 255 5 100
881.733 878.777 20 1 255 5 100
901.202 900.087 21 1 255 10 20
929.148 927.949 22 1 255 10 20
1012.42 1011.34 24 1 255 10 20
1040.85 1039.51 25 1 255 10 20
1076.79 1075.94 26 1 255 10 20
1086.54 1085.34 27 1 255 10 20
1109.41 1108.46 28 1 255 10 20
1189.94 1188.61 29 1 255 10 20
1262.3 1260.99 31 1 255 10 20
1288.07 1287.12 32 1 255 10 20
1431.47 1430.14 33 1 255 10 20
1519.32 1518.35 34 1 255 10 20
1728.57 1727.23 35 1 255 10 20
1856.53 1854.64 37 1 255 5 100
1894.9 1893.98 38 1 255 10 20
1898.1 1897.18 39 1 255 10 20
1982.64 1981.72 40 1 255 10 20
2069.3 2068.38 41 1 255 10 20
2197.78 2196.43 42 1 255 10 20
2229.42 2228.43 43 1 255 10 20
2263.68 2262.62 44 1 255 10 20
2357.99 2356.87 45 1 255 10 20
2368.89 2367.54 46 1 255 10 20
2539.15 2538.07 47 1 255 10 20
2577.53 2575.48 48 1 255 5 100
2660.61 2659.67 49 1 255 10 20
2760.92 2759.54 50 1 255 10 20
2798.02 2796.68 51 1 255 10 20
2914.52 2913.61 52 1 255 10 20
2955.87 2954.87 53 1 255 10 20
2995 2993.81 54 1 255 10 20
3008.33 3007.28 55 1 255 10 20
3057.66 3056.69 56 1 255 10 20
3090.1 3089.09 57 1 255 10 20
3180.11 3178.54 59 1 255 10 20
3300.97 3298.82 61 1 255 5 100
3330.12 3328.22 62 1 255 5 100
3367.4 3366.55 63 1 255 10 20
3435.39 3434.13 64 1 255 10 20
3439.8 3438.78 65 1 255 10 20
3503.28 3502.12 66 1 255 10 20
3518.81 3517.18 67 1 255 10 20
3584.08 3582.94 68 1 255 10 20
3648.04 3647.08 69 1 255 10 20
3780.96 3779.61 71 1 255 10 20
4482.33 4481.22 82 1 255 10 20
6625.53 6621.73 118 1 255 10 20
7748.99 7744.68 136 1 255 5 100
8869.15 8867.19 161 1 255 10 20
10659.8 10657.3 198 1 255 5 100
12697.9 12695.3 231 1 255 10 20
13195.3 13193.9 238 1 255 10 20
14286.7 14284.7 256 1 255 10 20
14353.8 14352.4 257 1 255 10 20
14357.9 14356.6 258 1 255 10 20
14456.8 14455.8 259 1 255 10 20
14724.6 14723.6 261 1 255 10 20
14818.9 14816.4 262 1 255 10 20
14860.1 14859.1 263 1 255 10 20
14941.5 14934.4 264 1 255 10 20
14946.5 14945.5 265 1 255 10 20
15016.1 15014.3 267 1 255 5 100
15074.9 15072.8 268 1 255 5 100
15478.5 15476.8 269 1 255 5 100
15604.9 15602.8 270 1 255 5 100
15637 15635.3 271 1 255 5 100
15731.1 15729.3 272 1 255 5 100
15830.7 15829 273 1 255 5 100
15948 15945.9 274 1 255 5 100
16016.6 16014.9 275 1 255 5 100
16313.6 16311.3 276 1 255 5 100
16403.4 16401.5 277 1 255 5 100
16421.6 16419.5 278 1 255 5 100
16658.2 16656.3 281 1 255 5 100
17180.1 17177.9 283 1 255 5 100
17190.5 17188.5 284 1 255 5 100
17289.1 17287 286 1 255 5 100
17515.3 17513 289 1 255 5 100
17603.8 17601.3 292 1 255 5 100
17837.6 17835.2 293 1 255 5 100
17881.8 17879.4 294 1 255 5 100
17928.6 17926.4 296 1 255 5 100
18010 18007.9 297 1 255 5 100
18183.8 18181.3 298 1 255 5 100
18191.8 18189 299 1 255 5 100
18226.3 18225.1 300 1 255 10 20
18481.8 18480.5 307 1 255 10 20
19751.2 19749.7 331 1 255 10 20
20312.1 20310.5 335 1 255 10 20
20419.6 20418.1 339 1 255 10 20
20801.2 20799 350 1 255 10 20
20863.6 20861.2 352 1 255 10 20
21058.1 21055.4 357 1 255 5 100
21183 21180.9 362 1 255 10 20
21548.3 21545.3 375 1 255 10 20
23757.3 23753.7 414 1 255 10 20
23810.2 23807.2 415 1 255 10 20
25271.7 25270 444 1 255 10 20
26251.4 26248.4 459 1 255 5 100
26515.9 26514 465 1 255 5 100
26564.7 26561 467 1 255 5 100
26615.6 26613.5 469 1 255 5 100
26765 26762.7 471 1 255 5 100
26772.7 26770 472 1 255 5 100
26815.8 26813.7 473 1 255 5 100
26877 26874.9 474 1 255 5 100
26981.5 26979.5 475 1 255 5 100
27163.3 27161.4 476 1 255 5 100
27255.3 27253.3 477 1 255 5 100
27281.5 27280.5 479 1 255 10 20
27297 27296.2 480 1 255 10 20
27299.9 27298.9 481 1 255 10 20
27397.2 27396.4 482 1 255 10 20
27422.1 27421.4 483 1 255 10 20
27461.8 27461.1 484 1 255 10 20
27464.8 27464 485 1 255 10 20
27512.9 27512.1 486 1 255 10 20
27541.9 27541.3 487 1 255 10 20
27590.9 27590.3 488 1 255 10 20
27601.8 27600.8 489 1 255 10 20
27664.6 27664 490 1 255 10 20
27756.6 27755.8 491 1 255 10 20
27762.3 27761.4 492 1 255 10 20
27907.4 27906.4 493 1 255 10 20
27957.1 27956.3 494 1 255 10 20
27984.1 27982.1 495 1 255 5 100
28048.9 28048.2 496 1 255 10 20
28089.6 28088.7 497 1 255 10 20
28116.6 28115.8 498 1 255 10 20
28135.2 28134.5 499 1 255 10 20
28324.2 28323.2 500 1 255 10 20
28368.3 28367.5 501 1 255 10 20
28490.7 28488.8 502 1 255 10 20
28531.4 28530.2 503 1 255 10 20
28586.2 28585.3 505 1 255 10 20
28656.9 28655.9 506 1 255 10 20
28744.7 28742.8 507 1 255 5 100
28777.8 28776.7 508 1 255 10 20
28874.7 28873.7 509 1 255 10 20
28923.1 28922.2 510 1 255 10 20
28939.6 28938.5 511 1 255 10 20
28975 28973.9 512 1 255 10 20
29128.9 29127.8 513 1 255 10 20
29209.4 29206.6 514 1 255 10 20
29289.1 29288.2 515 1 255 10 20
29303.6 29302.3 517 1 255 10 20
29482.9 29481.8 519 1 255 10 20
29654.6 29653.4 520 1 255 10 20
29675.8 29673.7 521 1 255 5 100
29714 29712.9 522 1 255 10 20
29772.6 29771.3 523 1 255 10 20
29781.5 29780.3 524 1 255 10 20
29893.8 29892.6 525 1 255 10 20
29957.1 29956.2 527 1 255 10 20
30094 30092.7 528 1 255 10 20
30155.8 30154.6 529 1 255 10 20
30170.5 30169.2 530 1 255 10 20
30329.5 30328.5 532 1 255 10 20
30365.8 30363.4 533 1 255 5 100
30377.4 30376.2 534 1 255 10 20
30414.9 30413.9 535 1 255 10 20
30497.5 30496.2 536 1 255 10 20
30515.1 30514.2 537 1 255 10 20
30581.5 30580.5 538 1 255 10 20
30592.3 30591.3 539 1 255 10 20
30601 30599.9 540 1 255 10 20
30603.8 30602.8 541 1 255 10 20
30700 30698.8 542 1 255 10 20
30759.5 30758.6 543 1 255 10 20
30764.5 30763.3 544 1 255 10 20
30817 30816 545 1 255 10 20
30851.8 30850.6 546 1 255 10 20
30863.3 30858.7 548 1 255 10 20
30980.9 30979.6 549 1 255 10 20
31024.2 31023.1 550 1 255 10 20
31067.6 31066.7 551 1 255 10 20
31082.6 31081.6 552 1 255 10 20
31127.8 31125.6 553 1 255 5 100
31141.2 31138.8 554 1 255 5 100
31169.1 31168.1 555 1 255 10 20
31225.2 31223.9 556 1 255 10 20
31257.7 31256.6 557 1 255 10 20
31259.3 31256.8 558 1 255 10 20
31309.8 31308.5 559 1 255 10 20
31406.1 31404.8 560 1 255 10 20
31501.3 31500.2 561 1 255 10 20
31516.3 31515.5 562 1 255 10 20
31574.2 31573.3 563 1 255 10 20
31600.9 31600.1 564 1 255 10 20
31633.1 31632.2 565 1 255 10 20
31697 31696.1 567 1 255 10 20
31893.1 31892.2 568 1 255 10 20
31936.3 31935.2 569 1 255 10 20
32308.9 32306.6 571 1 255 5 100
32390.8 32388.7 572 1 255 5 100
32458.3 32457 574 1 255 10 20
32594.7 32593.4 576 1 255 10 20
33034.7 33033.2 579 1 255 10 20
33706.6 33703.1 591 1 255 5 100
34769.4 34767.7 610 1 255 10 20
39558.6 39557.6 681 1 255 10 20
39597.5 39596.4 682 1 255 10 20
39610.3 39609.2 683 1 255 10 20
39615.8 39614.8 684 1 255 10 20
39661.8 39660.9 685 1 255 10 20
39708.6 39707.5 686 1 255 10 20
39793.3 39792.4 687 1 255 10 20
39849.8 39848 688 1 255 10 20
39878.3 39877.2 689 1 255 10 20
39902.3 39901.3 690 1 255 10 20
40048.3 40046.9 691 1 255 10 20
40396.1 40395.4 693 1 255 10 20
40447.4 40446.7 694 1 255 10 20
40508.6 40507.9 695 1 255 10 20
40540.2 40539.2 696 1 255 10 20
40559.4 40556.7 697 1 255 10 20
40698.5 40696.5 698 1 255 5 100
40716 40714.3 699 1 255 5 100
40737 40736.3 700 1 255 10 20
40903.2 40902.2 702 1 255 10 20
41005.8 41005.1 703 1 255 10 20
41120.4 41119.6 705 1 255 10 20
41131.6 41131 706 1 255 10 20
41204 41202.9 707 1 255 10 20
41275.4 41274.3 708 1 255 10 20
41286.9 41286 709 1 255 10 20
41335.9 41335 710 1 255 10 20
41341.1 41340.4 711 1 255 10 20
41627.5 41626.5 714 1 255 10 20
41825.7 41820.3 715 1 255 5 100
41890.3 41889.2 716 1 255 10 20
41916.5 41915.7 717 1 255 10 20
41935.4 41934.3 718 1 255 10 20
41972.7 41971.6 719 1 255 10 20
42116.4 42115.5 720 1 255 10 20
42267.5 42266.5 721 1 255 10 20
42323.3 42322 722 1 255 10 20
42515.2 42514 724 1 255 10 20
42587.1 42584.3 725 1 255 5 100
42642.1 42640.1 726 1 255 10 20
42686.5 42685.1 727 1 255 10 20
42692.8 42691.7 728 1 255 10 20
42700.4 42699.3 729 1 255 10 20
42727.2 42725.9 730 1 255 10 20
42746 42744.9 731 1 255 10 20
42868.8 42867.5 732 1 255 10 20
42870.4 42869 733 1 255 10 20
42873.9 42872.5 734 1 255 10 20
43072.2 43069.7 736 1 255 10 20
43091.8 43090.5 737 1 255 10 20
43151.1 43149.9 738 1 255 10 20
43171.8 43170.9 739 1 255 10 20
43313.3 43312.5 740 1 255 10 20
43371.2 43369.3 741 1 255 5 100
43375.8 43371.1 742 1 255 5 100
43431.4 43430.3 743 1 255 10 20
43695.3 43693.9 745 1 255 10 20
43700.4 43699.6 746 1 255 10 20
43708.9 43707.8 747 1 255 10 20
43795.2 43794.3 748 1 255 10 20
43844.5 43843.7 749 1 255 10 20
43878 43877 750 1 255 10 20
43944.8 43943.8 751 1 255 10 20
44013.4 44012.4 752 1 255 10 20
44136.5 44134.6 754 1 255 5 100
44178.2 44177.4 755 1 255 10 20
44188.3 44187.4 756 1 255 10 20
44281.7 44278.5 757 1 255 10 20
44398.6 44397.6 758 1 255 10 20
44401.9 44401.2 759 1 255 10 20
44579.3 44578.4 760 1 255 10 20
44751.1 44750.3 761 1 255 10 20
44838.5 44836.3 762 1 255 5 100
44962.2 44961.3 763 1 255 10 20
45007.2 45006.1 764 1 255 10 20
45040.5 45039.7 765 1 255 10 20
45043.2 45042.2 766 1 255 10 20
45068.8 45067.8 767 1 255 10 20
45101.3 45100.2 768 1 255 10 20
45134.5 45133.6 769 1 255 10 20
45135.7 45134.3 770 1 255 10 20
45166 45165.1 771 1 255 10 20
45249.5 45248.6 772 1 255 10 20
45315.6 45314.2 773 1 255 10 20
45324.1 45322.7 774 1 255 10 20
45334.9 45333.9 775 1 255 10 20
46948.8 46946.5 802 1 255 10 20
47024.3 47022 804 1 255 10 20
47573.3 47571.4 815 1 255 10 20
48155 48152.8 831 1 255 10 20
49354.2 49352.2 849 1 255 10 20
50609.7 50606.9 872 1 255 10 20
51544.4 51543.4 884 1 255 10 20
51756.8 51755.6 885 1 255 10 20
51768.3 51767 886 1 255 10 20
51772.6 51771.4 887 1 255 10 20
51960.3 51959.4 888 1 255 10 20
51989.8 51987.8 890 1 255 5 100
52031.6 52029.6 891 1 255 5 100
52075.5 52073.5 892 1 255 5 100
52101.7 52099.7 893 1 255 5 100
52123.9 52121.9 894 1 255 5 100
52182.1 52179.9 895 1 255 5 100
52222.9 52220.7 896 1 255 5 100
52304.1 52302.3 897 1 255 5 100
52369.3 52367.3 898 1 255 5 100
52382.9 52381 899 1 255 5 100
52551.9 52550.8 900 1 255 10 20
52741.4 52740.7 901 1 255 10 20
52788.2 52787.2 902 1 255 10 20
52868.3 52867.5 903 1 255 10 20
52887.8 52886.8 904 1 255 10 20
52911 52909.9 906 1 255 10 20
52922.3 52921.5 907 1 255 10 20
52931.4 52930.3 908 1 255 10 20
52939.8 52938.8 909 1 255 10 20
53064.5 53063.4 910 1 255 10 20
53089 53087 911 1 255 5 100
53096.4 53094.8 912 1 255 5 100
53107.4 53106.1 913 1 255 10 20
53176.8 53175.9 914 1 255 10 20
53244.1 53243.1 915 1 255 10 20
53400.5 53399.5 916 1 255 10 20
53402 53400.1 917 1 255 10 20
53498.8 53497.7 918 1 255 10 20
53526.3 53525.2 919 1 255 10 20
53565.9 53565 920 1 255 10 20
53625.9 53624.7 923 1 255 10 20
53693.7 53692.6 924 1 255 10 20
53774.8 53773.7 925 1 255 10 20
53845 53842.9 926 1 255 5 100
53937.8 53935.6 927 1 255 5 100
53943.6 53941.7 928 1 255 5 100
53952.9 53951.7 929 1 255 10 20
54137.6 54136 930 1 255 10 20
54229.5 54228.3 931 1 255 10 20
54283.6 54282.3 932 1 255 10 20
54345.5 54342.8 933 1 255 10 20
54371.4 54370.2 934 1 255 10 20
54435.3 54434 935 1 255 10 20
54481.4 54480.2 936 1 255 10 20
54503.4 54502 937 1 255 10 20
54522.6 54512.8 938 1 255 10 20
54595.1 54593.7 940 1 255 10 20
54639.5 54638.5 941 1 255 10 20
54731.6 54730.2 942 1 255 10 20
54815.8 54813.5 943 1 255 5 100
54905.2 54903.3 944 1 255 5 100
54921.7 54920.8 945 1 255 10 20
54996.4 54995.6 946 1 255 10 20
55001 54999.7 947 1 255 10 20
55013.5 55012.2 948 1 255 10 20
55076.3 55075.1 949 1 255 10 20
55118 55116.8 950 1 255 10 20
55129.7 55128.6 951 1 255 10 20
55194.3 55193.4 952 1 255 10 20
55264.5 55263.3 953 1 255 10 20
55292.5 55291.5 954 1 255 10 20
55336.4 55335.6 955 1 255 10 20
55417.1 55416.4 956 1 255 10 20
55422.7 55422 957 1 255 10 20
55480.5 55479.7 958 1 255 10 20
55489 55488.2 959 1 255 10 20
55576.4 55575.3 960 1 255 10 20
55586.4 55585.8 961 1 255 10 20
55590.3 55588.5 962 1 255 5 100
55597.3 55595.6 963 1 255 10 20
55658.5 55657.7 964 1 255 10 20
55672 55671.1 965 1 255 10 20
55941.8 55939.3 967 1 255 10 20
55970.9 55970 968 1 255 10 20
55977 55976.4 969 1 255 10 20
56040.5 56039.7 971 1 255 10 20
56086.9 56086 972 1 255 10 20
56154.7 56153.8 973 1 255 10 20
56178.6 56178 974 1 255 10 20
56186.1 56185.5 975 1 255 10 20
56195.6 56194.9 976 1 255 10 20
56204.1 56203.1 977 1 255 10 20
56366.2 56364.4 978 1 255 5 100
56370.6 56368.3 979 1 255 5 100
56411.7 56410.9 980 1 255 10 20
56459.5 56458.5 981 1 255 10 20
56463.4 56462.6 982 1 255 10 20
56509.4 56508.7 983 1 255 10 20
56626.9 56626.2 984 1 255 10 20
56630.8 56629.5 985 1 255 10 20
56671.6 56670.8 986 1 255 10 20
56736.4 56735.4 988 1 255 10 20
56783 56782.2 989 1 255 10 20
57483.6 57480.6 1002 1 255 10 20
59927.4 59924.5 1045 1 255 5 100
60809.5 60807 1059 1 255 10 20
60958.3 60950.9 1063 1 255 5 100
63483.9 63482.6 1106 1 255 10 20
63657.3 63655.1 1107 1 255 10 20
63893.3 63890.3 1112 1 255 10 20
64436.7 64434.7 1120 1 255 10 20
64517 64515.7 1121 1 255 10 20
64561.8 64560.7 1122 1 255 10 20
64583.3 64582.2 1123 1 255 10 20
64605.4 64604.1 1124 1 255 10 20
64653.1 64647.4 1125 1 255 10 20
64767.9 64766.7 1126 1 255 10 20
64793.4 64792.2 1127 1 255 10 20
64822 64820.8 1128 1 255 10 20
64824.4 64822.2 1129 1 255 10 20
64831.7 64830.8 1130 1 255 10 20
64882.6 64881.3 1131 1 255 10 20
64885.7 64883.6 1132 1 255 10 20
64927.3 64926.3 1133 1 255 10 20
64953.8 64952.3 1134 1 255 10 20
64965.2 64964.3 1135 1 255 10 20
65133.9 65131.1 1137 1 255 5 100
65193.5 65191.4 1138 1 255 5 100
65311.3 65309.2 1139 1 255 5 100
65654.8 65652.7 1140 1 255 5 100
65676.4 65674.2 1141 1 255 5 100
65716.6 65714.6 1142 1 255 5 100
65837.2 65835.4 1144 1 255 5 100
65843.5 65841.4 1145 1 255 5 100
65987.5 65985.4 1147 1 255 5 100
66151.8 66149.6 1148 1 255 5 100
66162 66151.6 1149 1 255 5 100
66236.1 66233.8 1150 1 255 5 100
66275 66272.2 1151 1 255 5 100
66527.8 66525.7 1155 1 255 5 100
66545.5 66543.5 1156 1 255 5 100
66699.7 66697.6 1157 1 255 5 100
66705.2 66702.1 1158 1 255 5 100
66737.3 66735.1 1159 1 255 5 100
66774.6 66772.2 1160 1 255 5 100
66813.4 66811.3 1161 1 255 5 100
66839.7 66838.5 1162 1 255 10 20
66927.4 66926 1163 1 255 10 20
67097.8 67096.5 1164 1 255 10 20
67196.9 67195.7 1165 1 255 10 20
67253 67251.7 1166 1 255 10 20
67277.7 67276.5 1167 1 255 10 20
67301.8 67300.8 1168 1 255 10 20
67398 67397.2 1169 1 255 10 20
67399.5 67397.7 1170 1 255 10 20
67466.7 67464.7 1172 1 255 10 20
67526.5 67524.2 1173 1 255 5 100
67574.6 67572.7 1175 1 255 5 100
67629.6 67627.5 1176 1 255 5 100
67728.7 67726.5 1178 1 255 5 100
67745.9 67745.1 1179 1 255 10 20
67885 67884 1180 1 255 10 20
67924.4 67923.2 1181 1 255 10 20
67954 67953 1182 1 255 10 20
68023 68022.3 1183 1 255 10 20
68026.3 68025.4 1184 1 255 10 20
68105.7 68104.7 1185 1 255 10 20
68188.1 68187.3 1186 1 255 10 20
68243 68242 1187 1 255 10 20
68271.4 68270.3 1188 1 255 10 20
68413.1 68412.5 1190 1 255 10 20
68425.6 68423.8 1191 1 255 5 100
68449.6 68449 1193 1 255 10 20
68542.4 68541.6 1194 1 255 10 20
68548.7 68547.8 1195 1 255 10 20
68604.3 68603.4 1196 1 255 10 20
68628.1 68627.2 1197 1 255 10 20
68713.2 68711 1198 1 255 10 20
68767.7 68766.8 1199 1 255 10 20
68923 68922.1 1200 1 255 10 20
68938.3 68937.4 1201 1 255 10 20
69032.2 69031.6 1202 1 255 10 20
69081.3 69079.6 1203 1 255 5 100
69084.9 69082.9 1204 1 255 5 100
69320.7 69319.7 1207 1 255 10 20
69347.8 69346.7 1209 1 255 10 20
69811.7 69810.2 1218 1 255 10 20
73590.1 73588.3 1286 1 255 10 20
77751.2 77749.8 1341 1 255 10 20
78148.6 78147.7 1348 1 255 10 20
78206.2 78205.2 1349 1 255 10 20
78252.4 78251.2 1350 1 255 10 20
78323.6 78322.6 1351 1 255 10 20
78553.4 78552.5 1352 1 255 10 20
78582.3 78581.2 1353 1 255 10 20
78614.6 78613.3 1354 1 255 10 20
78713.9 78712.8 1355 1 255 10 20
78721.8 78713.7 1356 1 255 10 20
78786.2 78784.1 1358 1 255 5 100
78962.3 78960.5 1359 1 255 5 100
78979.8 78977.8 1360 1 255 5 100
79001.8 78999.9 1361 1 255 5 100
79060.9 79058.4 1362 1 255 5 100
79094.4 79092.3 1363 1 255 5 100
79141.1 79139 1364 1 255 5 100
79188.3 79186 1365 1 255 5 100
79292.7 79290.5 1366 1 255 5 100
79387.2 79385.2 1367 1 255 5 100
79440.5 79438.5 1368 1 255 5 100
79463.6 79462.4 1369 1 255 10 20
79474.3 79473.1 1370 1 255 10 20
79675.7 79674.6 1371 1 255 10 20
79784.7 79783.6 1373 1 255 10 20
79892.1 79890.1 1375 1 255 10 20
79909.9 79908.6 1376 1 255 10 20
80005.3 80004.3 1377 1 255 10 20
80012.3 80011 1379 1 255 10 20
80020.6 80019.3 1380 1 255 10 20
80036.3 80034.9 1381 1 255 10 20
80177.3 80176 1382 1 255 10 20
80335.3 80332.9 1383 1 255 5 100
80379.5 80377.1 1384 1 255 5 100
80415.2 80414.1 1385 1 255 10 20
80419 80417.5 1386 1 255 10 20
80458.3 80456.9 1387 1 255 10 20
80588.7 80587.6 1388 1 255 10 20
80627.2 80626.2 1389 1 255 10 20
80828.4 80827.4 1390 1 255 10 20
80958.8 80957.7 1391 1 255 10 20
80980.6 80979.6 1392 1 255 10 20
81085.2 81083.3 1394 1 255 5 100
81111.5 81109.2 1395 1 255 5 100
81256.5 81255.7 1396 1 255 10 20
81297.4 81296.5 1397 1 255 10 20
81444 81443.1 1398 1 255 10 20
81471 81469.9 1399 1 255 10 20
81542.7 81540.3 1400 1 255 10 20
81544.7 81543.6 1401 1 255 10 20
81614.5 81613.7 1402 1 255 10 20
81663.5 81662.5 1403 1 255 10 20
81680.7 81679.5 1404 1 255 10 20
81683.6 81682.5 1405 1 255 10 20
81845.2 81844.4 1406 1 255 10 20
82118.5 82116.8 1409 1 255 5 100
82130.6 82129.5 1410 1 255 10 20
82148.9 82148 1411 1 255 10 20
82196.4 82194.3 1412 1 255 10 20
82280.2 82279.1 1413 1 255 10 20
82282.7 82281.7 1414 1 255 10 20
82349.3 82348.3 1415 1 255 10 20
82386.3 82385.6 1416 1 255 10 20
82409.6 82407.7 1417 1 255 10 20
82475 82474.2 1418 1 255 10 20
82548.8 82547.8 1419 1 255 10 20
82578 82576.9 1420 1 255 10 20
82649.9 82649.1 1421 1 255 10 20
82744 82743 1422 1 255 10 20
82763.3 82761.6 1423 1 255 5 100
82777.4 82775.4 1424 1 255 5 100
82796.7 82795.9 1425 1 255 10 20
82883.3 82882.4 1426 1 255 10 20
82951.7 82950.7 1427 1 255 10 20
83007.7 83007 1428 1 255 10 20
83043.9 83043.3 1429 1 255 10 20
83072.9 83072 1430 1 255 10 20
83233.7 83232.8 1431 1 255 10 20
83415.3 83414.2 1434 1 255 10 20
84374.7 84372.3 1448 1 255 5 100
84691 84689 1453 1 255 10 20
86037 86034.8 1473 1 255 10 20
86323.3 86320.7 1479 1 255 5 100
86827 86824.1 1492 1 255 10 20
88717.6 88715.8 1521 1 255 10 20
90788.3 90784.9 1563 1 255 10 20
91048.8 91046.4 1570 1 255 10 20
91071 91069.5 1571 1 255 10 20
92868.5 92867.5 1593 1 255 10 20
92895 92893.6 1594 1 255 10 20
93009.8 93008.3 1597 1 255 10 20
93046.9 93044.7 1598 1 255 10 20
93161.8 93160.4 1599 1 255 10 20
93184.6 93183.5 1600 1 255 10 20
93305.5 93304.2 1601 1 255 10 20
93381.7 93380.5 1602 1 255 10 20
93411.8 93410.3 1603 1 255 10 20
93684.4 93683.2 1605 1 255 10 20
93759.4 93758.2 1606 1 255 10 20
93819.3 93818 1607 1 255 10 20
93836.9 93835.5 1608 1 255 10 20
94085.8 94083.4 1610 1 255 5 100
94181.4 94179.2 1611 1 255 5 100
94250.6 94249.6 1612 1 255 10 20
94362.8 94361.7 1613 1 255 10 20
94367.5 94366.5 1614 1 255 10 20
94376.9 94375.5 1615 1 255 10 20
94544.1 94543 1617 1 255 10 20
94589.7 94588.8 1618 1 255 10 20
94639.8 94638.5 1619 1 255 10 20
94681.3 94680.1 1620 1 255 10 20
94761.8 94759.8 1621 1 255 10 20
94804.2 94803 1622 1 255 10 20
94858.6 94856.8 1623 1 255 5 100
94959.9 94959 1624 1 255 10 20
94997.8 94996.9 1625 1 255 10 20
95055.6 95054.5 1626 1 255 10 20
95159.8 95158.8 1627 1 255 10 20
95168.2 95167.1 1628 1 255 10 20
95232.8 95231.8 1629 1 255 10 20
95329.1 95328.1 1630 1 255 10 20
95510.8 95510.1 1631 1 255 10 20
95629.3 95627.7 1633 1 255 5 100
95704.2 95703.3 1634 1 255 10 20
95720.3 95719.7 1635 1 255 10 20
95726.4 95725.7 1636 1 255 10 20
95761.8 95761.2 1637 1 255 10 20
95857.6 95856.8 1638 1 255 10 20
95894.7 95893.7 1639 1 255 10 20
95939.5 95938.6 1640 1 255 10 20
95968.4 95967.6 1641 1 255 10 20
95986.9 95986.2 1642 1 255 10 20
96089.4 96088.6 1643 1 255 10 20
96147.5 96146.5 1644 1 255 10 20
96218 96217.3 1645 1 255 10 20
96234.5 96233.5 1646 1 255 10 20
96464 96462 1648 1 255 5 100
96484.4 96482.7 1649 1 255 5 100
96489 96487.5 1650 1 255 10 20
96521.6 96520.7 1651 1 255 10 20
96522.9 96521 1652 1 255 10 20
96711.8 96710.7 1653 1 255 10 20
96790.2 96789.2 1655 1 255 10 20
96796.1 96795.1 1656 1 255 10 20
96834.9 96833.8 1657 1 255 10 20
96890.7 96889.5 1658 1 255 10 20
96922.8 96921.6 1659 1 255 10 20
96983.7 96982.7 1660 1 255 10 20
96993.4 96992.7 1661 1 255 10 20
97111.9 97111.1 1662 1 255 10 20
97121 97119 1663 1 255 5 100
97141.9 97140.7 1664 1 255 10 20
97149.2 97141.8 1665 1 255 10 20
97180.4 97179.3 1666 1 255 10 20
97397.9 97396.8 1667 1 255 10 20
97411.2 97410 1668 1 255 10 20
97488.8 97487.7 1671 1 255 10 20
97500.7 97499.7 1672 1 255 10 20
97838.8 97836.9 1675 1 255 10 20
98590.4 98584.9 1688 1 255 5 100
99373.6 99370.6 1703 1 255 5 100
