853.038 850.351 19 1 255 5 100
3108.3 3106.15 58 1 255 10 20
3744.57 3743.29 70 1 255 10 20
3816.12 3815.07 72 1 255 10 20
3890.64 3889.56 73 1 255 10 20
3913.33 3912.03 74 1 255 10 20
3921.73 3920.38 75 1 255 10 20
4196.59 4195.81 76 1 255 10 20
4212.02 4211.18 77 1 255 10 20
4342.18 4341.2 78 1 255 10 20
4418.82 4417.7 79 1 255 10 20
4427 4426.21 80 1 255 10 20
4479.9 4478.75 81 1 255 10 20
4512.13 4509.98 83 1 255 5 100
4519.48 4517.17 84 1 255 5 100
4578.7 4576.91 85 1 255 5 100
4620.46 4619.44 86 1 255 10 20
4682.43 4681.74 87 1 255 10 20
4732.32 4731.57 88 1 255 10 20
4772.85 4771.75 89 1 255 10 20
4822.87 4821.75 90 1 255 10 20
4840.1 4838.9 91 1 255 10 20
4932.38 4931.58 92 1 255 10 20
4980.52 4979.68 93 1 255 10 20
4982.68 4981.18 94 1 255 10 20
5109.12 5108.15 95 1 255 10 20
5137.5 5136.6 96 1 255 10 20
5242.91 5241.93 97 1 255 10 20
5253.07 5250.94 98 1 255 5 100
5258.13 5253.9 99 1 255 5 100
5262.7 5261.85 100 1 255 10 20
5355.3 5354.27 101 1 255 10 20
5399.88 5398.82 102 1 255 10 20
5419.16 5418.31 103 1 255 10 20
5420.53 5419.5 104 1 255 10 20
5429.02 5427.86 105 1 255 10 20
5469.58 5468.82 106 1 255 10 20
5481.27 5476.01 107 1 255 10 20
5516.95 5515.94 108 1 255 10 20
5710.49 5709.7 109 1 255 10 20
5895.34 5894.41 110 1 255 10 20
5932.37 5931.47 111 1 255 10 20
5981.68 5979.35 112 1 255 5 100
6136.03 6134.96 113 1 255 10 20
6139.18 6137.91 114 1 255 10 20
6419.12 6418.12 115 1 255 10 20
6420.54 6419.32 116 1 255 10 20
6503.87 6502.64 117 1 255 10 20
6659.89 6657.69 119 1 255 10 20
6726.69 6725.76 120 1 255 10 20
6822.27 6820.12 121 1 255 5 100
6965.38 6963.11 122 1 255 5 100
7022.64 7019.81 123 1 255 10 20
7078.85 7077.95 124 1 255 10 20
7153.56 7152.29 125 1 255 10 20
7189.43 7188.47 126 1 255 10 20
7191.58 7189.15 127 1 255 10 20
7231.61 7229.08 128 1 255 10 20
7284.33 7283.39 129 1 255 10 20
7306.45 7305.65 130 1 255 10 20
7432.36 7431.2 131 1 255 10 20
7437.48 7433.25 132 1 255 10 20
7626.45 7625.5 134 1 255 10 20
7661.82 7660.52 135 1 255 10 20
7783.48 7781.4 137 1 255 5 100
7844.08 7842.93 138 1 255 10 20
8056.77 8055.53 139 1 255 10 20
8058.27 8055.61 140 1 255 10 20
8108.96 8107.72 141 1 255 10 20
8134.01 8133.04 142 1 255 10 20
8194.19 8192.88 143 1 255 10 20
8326.4 8325.36 144 1 255 10 20
8343.13 8341.77 145 1 255 10 20
8409.13 8407.74 146 1 255 10 20
8439.23 8437.01 147 1 255 5 100
8539.29 8538.35 148 1 255 10 20
8550.23 8548.83 149 1 255 10 20
8565.77 8563.37 150 1 255 10 20
8578.91 8577.77 151 1 255 10 20
8594.81 8593.77 152 1 255 10 20
8623.36 8622.2 153 1 255 10 20
8635.07 8633.97 154 1 255 10 20
8713.72 8712.37 155 1 255 10 20
8791.7 8789.65 156 1 255 10 20
8811.5 8810.25 157 1 255 10 20
8815.15 8814.03 158 1 255 10 20
8829.44 8825.97 159 1 255 10 20
8861.92 8860.78 160 1 255 10 20
8902.93 8901.64 163 1 255 10 20
9124.79 9123.3 164 1 255 10 20
9161.95 9159.86 165 1 255 5 100
9245.41 9243.01 167 1 255 5 100
9263.36 9262.18 169 1 255 10 20
9264.14 9262.25 170 1 255 10 20
9446.38 9444.65 171 1 255 10 20
9479.23 9478.09 173 1 255 10 20
9482.93 9481.59 174 1 255 10 20
10210.9 10209.4 187 1 255 10 20
11064.7 11062.3 202 1 255 5 100
11922 11918.9 219 1 255 10 20
12589.6 12587.9 229 1 255 10 20
16424.5 16420.1 279 1 255 5 100
16686.6 16684.2 282 1 255 5 100
17275.7 17272.5 285 1 255 5 100
17291.9 17289.5 287 1 255 5 100
17528.3 17525.7 291 1 255 5 100
17898.5 17894.9 295 1 255 5 100
18229 18227.7 301 1 255 10 20
18377.8 18375.9 302 1 255 10 20
18404.3 18402.9 303 1 255 10 20
18429.8 18428.5 305 1 255 10 20
18473.2 18471.7 306 1 255 10 20
18556.1 18554.9 308 1 255 10 20
18630 18628.8 309 1 255 10 20
18701.6 18696.2 310 1 255 10 20
18761.8 18760.6 311 1 255 10 20
18782.2 18780.9 312 1 255 10 20
18862.8 18861.5 313 1 255 10 20
18959.4 18957.2 314 1 255 5 100
18980.5 18979.2 315 1 255 10 20
19019.8 19017.5 316 1 255 10 20
19024.6 19023.5 317 1 255 10 20
19068 19066.6 318 1 255 10 20
19086.7 19084.9 319 1 255 10 20
19138.1 19136.9 320 1 255 10 20
19248.4 19247.4 321 1 255 10 20
19275.1 19274.1 322 1 255 10 20
19393.6 19392.5 323 1 255 10 20
19411.8 19410.5 324 1 255 10 20
19473.8 19472.4 325 1 255 10 20
19490.3 19489.3 326 1 255 10 20
19552.1 19550.9 327 1 255 10 20
19707.2 19706.2 328 1 255 10 20
19719.1 19717 329 1 255 5 100
19723.7 19720.3 330 1 255 5 100
20172.9 20172 332 1 255 10 20
20189.3 20188.4 333 1 255 10 20
20262.7 20262 334 1 255 10 20
20357.7 20356.7 336 1 255 10 20
20385.3 20383.3 337 1 255 5 100
20416.8 20415.9 338 1 255 10 20
20424.9 20424.1 340 1 255 10 20
20446.3 20445.4 341 1 255 10 20
20511.3 20510.4 342 1 255 10 20
20546.2 20545.3 343 1 255 10 20
20584.2 20583.2 344 1 255 10 20
20590 20589.4 345 1 255 10 20
20601.7 20601 346 1 255 10 20
20611.3 20610.2 347 1 255 10 20
20776.6 20775.6 348 1 255 10 20
20778 20776.1 349 1 255 10 20
20850.4 20849.3 351 1 255 10 20
21024.2 21023.5 354 1 255 10 20
21047.6 21046.4 355 1 255 10 20
21053.8 21051.8 356 1 255 5 100
21084.4 21083.4 358 1 255 10 20
21162.7 21161.6 359 1 255 8 32
21173.8 21172.6 360 1 255 10 20
21179 21177.9 361 1 255 10 20
21193.6 21192.8 363 1 255 10 20
21206.6 21205.6 364 1 255 10 20
21223.5 21222.4 365 1 255 10 20
21321.7 21320.6 366 1 255 8 32
21344.8 21342.6 368 1 255 10 20
21360.4 21359.6 369 1 255 10 20
21445 21443.7 371 1 255 10 20
21476.6 21475.6 372 1 255 8 32
21540.5 21539.5 373 1 255 10 20
21545.5 21544.3 374 1 255 10 20
21616.1 21611.9 376 1 255 8 32
21650.8 21649.6 377 1 255 10 20
21684.3 21683.1 378 1 255 10 20
21737.5 21735.5 379 1 255 5 100
21747.6 21745.5 380 1 255 5 100
21786.7 21785.7 381 1 255 10 20
21865.8 21864.6 382 1 255 10 20
21918.1 21917.2 383 1 255 10 20
21935.8 21934.6 384 1 255 10 20
21963.8 21962.6 385 1 255 10 20
21965.6 21964.5 386 1 255 10 20
22084.7 22083.5 387 1 255 10 20
22090 22088.9 388 1 255 10 20
22114.9 22113.8 389 1 255 10 20
22169.1 22167.9 390 1 255 10 20
22307.9 22306.9 391 1 255 10 20
22383.3 22382.2 392 1 255 10 20
22727.1 22724.7 393 1 255 5 100
22824 22822.9 394 1 255 10 20
22894.3 22893.3 395 1 255 10 20
22905.2 22903.7 396 1 255 10 20
23011.4 23010.1 397 1 255 10 20
23075.5 23074.1 398 1 255 10 20
23113.9 23112.2 399 1 255 10 20
23226.3 23225.1 400 1 255 10 20
23295.8 23294.4 401 1 255 10 20
23305.8 23304.3 402 1 255 10 20
23357.5 23356.4 403 1 255 10 20
23366.3 23363.9 404 1 255 5 100
23415.2 23412.8 405 1 255 5 100
23436 23435 406 1 255 10 20
23482.8 23480.6 409 1 255 10 20
23493.6 23492.5 410 1 255 10 20
23656.2 23654.7 411 1 255 10 20
23659.8 23658.4 412 1 255 10 20
23725.2 23717.9 413 1 255 10 20
23881.6 23880.4 416 1 255 10 20
23888.6 23887.3 417 1 255 10 20
24071.6 24070.3 418 1 255 10 20
24149.7 24147.5 419 1 255 5 100
24158.7 24156.5 420 1 255 10 20
24169.5 24168 421 1 255 10 20
24175.1 24173.7 422 1 255 10 20
24199.5 24198.2 423 1 255 10 20
24270.5 24269.2 424 1 255 10 20
24407.1 24405.6 425 1 255 10 20
24471.3 24469.8 426 1 255 10 20
24516.3 24514.7 428 1 255 10 20
24545.2 24543.7 429 1 255 10 20
24547.5 24545.3 430 1 255 10 20
24583.2 24581.7 431 1 255 10 20
24647.3 24645.9 432 1 255 10 20
24661.4 24660.3 433 1 255 10 20
24755.9 24754.7 434 1 255 10 20
24817.6 24816.5 435 1 255 10 20
24827.4 24825 436 1 255 5 100
24896.8 24893.2 437 1 255 5 100
26234.8 26233.7 458 1 255 10 20
27265.5 27263 478 1 255 5 100
32047.1 32041.9 570 1 255 5 100
32573.5 32570.4 575 1 255 10 20
32636.4 32635 577 1 255 10 20
33033.6 33032.7 578 1 255 10 20
33040.8 33038.5 580 1 255 5 100
33050.7 33048.5 581 1 255 5 100
33116.6 33114.7 582 1 255 5 100
33122.3 33120.3 583 1 255 5 100
33152.4 33150.2 584 1 255 5 100
33251.3 33249.4 585 1 255 5 100
33389.6 33387.7 586 1 255 5 100
33460 33457.8 587 1 255 5 100
33586.4 33584.5 588 1 255 5 100
33638.5 33636.3 589 1 255 5 100
33673.7 33671.8 590 1 255 5 100
33722.4 33720.6 593 1 255 10 20
33728 33726.7 594 1 255 10 20
34208.5 34207.4 596 1 255 10 20
34228.5 34227.2 597 1 255 10 20
34329.5 34328.5 598 1 255 10 20
34398.1 34397 600 1 255 10 20
34458.1 34456.8 601 1 255 10 20
34520.9 34520 602 1 255 10 20
34536.8 34533.7 603 1 255 5 100
34665.1 34664.2 604 1 255 10 20
34692.2 34691.1 605 1 255 10 20
34708.1 34707.3 607 1 255 10 20
34730.8 34729.7 608 1 255 10 20
34765.2 34763.9 609 1 255 10 20
34816.6 34815.7 611 1 255 10 20
34818.1 34815.7 612 1 255 10 20
34894.1 34892.9 613 1 255 10 20
34964.3 34963.3 615 1 255 10 20
34977.6 34976.7 616 1 255 10 20
35262.4 35261.5 617 1 255 10 20
35288.7 35286.7 618 1 255 5 100
35368.1 35362.1 620 1 255 10 20
35381.2 35380.3 621 1 255 10 20
35440.6 35439.4 622 1 255 10 20
35536.4 35535.4 623 1 255 10 20
35967.7 35966.6 627 1 255 10 20
35993.2 35990.8 628 1 255 5 100
36140.6 36139.4 629 1 255 10 20
36217.4 36216.2 631 1 255 10 20
36278.1 36277.1 632 1 255 10 20
36595 36593.8 634 1 255 10 20
36668.1 36665.6 635 1 255 5 100
36693.4 36692.3 636 1 255 10 20
36710.4 36709.2 637 1 255 10 20
36793.8 36792.3 638 1 255 10 20
36797.1 36795.7 639 1 255 10 20
36800.5 36799 640 1 255 10 20
36814.4 36813.1 641 1 255 10 20
36868 36866.6 642 1 255 10 20
36943.3 36941 644 1 255 10 20
37000 36998.3 645 1 255 10 20
37079.5 37078.4 646 1 255 10 20
37088.2 37086.9 647 1 255 10 20
37093 37091.5 648 1 255 10 20
37177.5 37176.4 649 1 255 10 20
37189 37188 650 1 255 10 20
37207 37199.3 651 1 255 10 20
37233.1 37231.7 652 1 255 10 20
37255.4 37254.4 653 1 255 10 20
37303.7 37302.6 654 1 255 10 20
37313.9 37310.6 655 1 255 5 100
37472.2 37470.8 657 1 255 10 20
37494.4 37493.2 658 1 255 10 20
37553.1 37551.7 659 1 255 10 20
37623.9 37623 660 1 255 10 20
37653.2 37652.2 661 1 255 10 20
37738.5 37737.6 662 1 255 10 20
37905.4 37904 663 1 255 10 20
38205.9 38204.8 664 1 255 10 20
38219.1 38216.9 665 1 255 5 100
38357 38355 666 1 255 5 100
38379.8 38377.8 667 1 255 5 100
38719.1 38718.1 668 1 255 10 20
38838.7 38837.8 669 1 255 10 20
38844.9 38843.7 670 1 255 10 20
38871.9 38870.9 671 1 255 10 20
38895.5 38894.1 672 1 255 10 20
38907.6 38906.4 673 1 255 10 20
38984.1 38983.1 674 1 255 10 20
39067.5 39065.4 675 1 255 5 100
39215.2 39214 676 1 255 10 20
39221.1 39220.1 677 1 255 10 20
39278.7 39275.6 678 1 255 10 20
39426.2 39425.1 679 1 255 10 20
39501.6 39500.7 680 1 255 10 20
41495.3 41492.3 713 1 255 10 20
42325 42322.9 723 1 255 10 20
45400.9 45399.7 782 1 255 10 20
45458.6 45457.3 783 1 255 10 20
45692.9 45691.8 784 1 255 10 20
45772.2 45770.9 785 1 255 10 20
45852.3 45851.3 786 1 255 10 20
45871.6 45870.5 787 1 255 10 20
45950.2 45949 788 1 255 10 20
45978.2 45977.3 789 1 255 10 20
46054.5 46053.1 790 1 255 10 20
46107.7 46106.8 791 1 255 10 20
46118.2 46116.9 792 1 255 10 20
46152.7 46151.4 793 1 255 10 20
46284.7 46283.4 794 1 255 10 20
46582.3 46581.1 795 1 255 10 20
46662.9 46661.9 796 1 255 10 20
46731.9 46730.6 797 1 255 10 20
46767.3 46765.2 798 1 255 5 100
46841 46839.7 799 1 255 10 20
46842.8 46840.8 800 1 255 10 20
46855.8 46854.4 801 1 255 10 20
46955.4 46953.2 803 1 255 10 20
47057.8 47056.7 806 1 255 10 20
47091.9 47090.9 807 1 255 10 20
47102.3 47101.1 808 1 255 10 20
47123.6 47122.3 809 1 255 10 20
47183.1 47182 810 1 255 10 20
47203.4 47202.2 811 1 255 10 20
47349.7 47348.4 812 1 255 10 20
47434.4 47433.2 813 1 255 10 20
47465.9 47463.6 814 1 255 5 100
47579.8 47578.5 816 1 255 10 20
47664.9 47656.4 817 1 255 10 20
47701 47699.8 818 1 255 10 20
47750.2 47748.9 819 1 255 10 20
47807.5 47806 820 1 255 10 20
47870.5 47869.4 821 1 255 10 20
47873.1 47871.4 822 1 255 10 20
47901.6 47900.5 823 1 255 10 20
47983.2 47981.8 824 1 255 10 20
48012 48010.5 825 1 255 10 20
48030.6 48029.3 826 1 255 10 20
48037.4 48036 827 1 255 10 20
48042.4 48041 828 1 255 10 20
48072.2 48069.3 829 1 255 10 20
48121.4 48120 830 1 255 10 20
48287 48272.8 833 1 255 10 20
48325.8 48323.4 834 1 255 5 100
48456.1 48454.6 836 1 255 10 20
48486.6 48485.2 837 1 255 10 20
48517.5 48516.2 838 1 255 10 20
48549.3 48547.9 839 1 255 10 20
48799.3 48797.9 840 1 255 10 20
48818.1 48816.8 841 1 255 10 20
48831.2 48830.2 842 1 255 10 20
48833.6 48832.4 843 1 255 10 20
48878.1 48877.1 844 1 255 10 20
48912.3 48911.3 845 1 255 10 20
49044.8 49041.9 846 1 255 10 20
49242.9 49240.8 847 1 255 5 100
49260.2 49259.1 848 1 255 10 20
49386.9 49385.9 850 1 255 10 20
49405 49404.2 851 1 255 10 20
49422.2 49420.9 852 1 255 10 20
49512.1 49511.2 854 1 255 10 20
49517.9 49514.8 855 1 255 10 20
49568.4 49567.4 856 1 255 10 20
49598.9 49597.9 857 1 255 10 20
49601.4 49599.7 858 1 255 10 20
49681.1 49679.8 859 1 255 10 20
49776.9 49775.5 860 1 255 10 20
49778.9 49777.9 861 1 255 10 20
49848.2 49847.1 862 1 255 10 20
49921 49919.7 863 1 255 10 20
49997.9 49996.9 864 1 255 10 20
50072.6 50070.6 865 1 255 5 100
50077.1 50075 866 1 255 5 100
50085.3 50084.2 867 1 255 10 20
50498.2 50497.2 870 1 255 10 20
50577.7 50576.2 871 1 255 10 20
50731.4 50730.2 873 1 255 10 20
50762.1 50759.9 874 1 255 5 100
50798.8 50797.5 876 1 255 10 20
50913.9 50912.5 877 1 255 10 20
50916 50913.2 878 1 255 10 20
51179.4 51178.3 879 1 255 10 20
51198.8 51197.8 880 1 255 10 20
51220.6 51219.3 881 1 255 10 20
51304.5 51303.1 882 1 255 10 20
51360.5 51359 883 1 255 10 20
51968.1 51966.8 889 1 255 10 20
56734.8 56731.7 987 1 255 10 20
57858 57855.8 1008 1 255 5 100
57910.1 57907.9 1009 1 255 5 100
57940.5 57938.3 1010 1 255 5 100
58126.6 58124.3 1011 1 255 5 100
58162.2 58160.1 1012 1 255 5 100
58193.3 58191.1 1013 1 255 5 100
58210.9 58208.9 1014 1 255 5 100
58238.7 58236.5 1015 1 255 5 100
58249.6 58246.3 1016 1 255 5 100
58254.4 58249.5 1017 1 255 5 100
58323.5 58321.5 1018 1 255 5 100
58342.2 58340.3 1019 1 255 5 100
58373.5 58371.1 1020 1 255 5 100
58443.2 58440.9 1021 1 255 5 100
58582.1 58580.1 1022 1 255 5 100
58591.4 58589.1 1023 1 255 5 100
58742 58739.7 1024 1 255 5 100
58763 58760.4 1025 1 255 5 100
58787.2 58785.3 1026 1 255 5 100
58807.3 58805.4 1027 1 255 5 100
58864.1 58861.9 1030 1 255 5 100
58896.6 58893.5 1031 1 255 5 100
58990.6 58988.3 1032 1 255 5 100
59015.1 59012.8 1033 1 255 5 100
59106 59104.7 1034 1 255 10 20
59310.9 59309.6 1035 1 255 10 20
59392 59391 1036 1 255 10 20
59452.5 59451.1 1037 1 255 10 20
59476.2 59475.2 1038 1 255 10 20
59510.6 59509.2 1039 1 255 10 20
59517.8 59516.8 1040 1 255 10 20
59555.7 59554.6 1041 1 255 10 20
59750.4 59741 1042 1 255 10 20
59773.4 59772.2 1044 1 255 10 20
60023.3 60021.3 1046 1 255 5 100
60027.4 60026 1047 1 255 10 20
60143.1 60142.1 1049 1 255 10 20
60286.7 60285.5 1050 1 255 10 20
60334.5 60333.5 1051 1 255 10 20
60389.2 60388.1 1052 1 255 10 20
60413.8 60412.3 1053 1 255 10 20
60492.4 60491.1 1054 1 255 10 20
60593.5 60592.4 1055 1 255 10 20
60597.4 60596.2 1056 1 255 10 20
60614.5 60613.3 1057 1 255 10 20
60671.2 60669.6 1058 1 255 10 20
60813.1 60811.8 1060 1 255 10 20
60930.8 60929.8 1061 1 255 10 20
60952.8 60950.7 1062 1 255 5 100
60983.6 60982.2 1064 1 255 10 20
61058.9 61057.5 1065 1 255 8 32
61064 61062.9 1066 1 255 10 20
61132.4 61131 1067 1 255 10 20
61177 61175.9 1068 1 255 10 20
61259.4 61258.2 1069 1 255 8 32
61306.8 61305.9 1070 1 255 10 20
61326.5 61325.3 1071 1 255 10 20
61370.2 61368.9 1072 1 255 8 32
61378.9 61377.8 1073 1 255 10 20
61429.6 61428.5 1074 1 255 10 20
61457.4 61456.1 1075 1 255 8 32
61701.2 61699.9 1076 1 255 10 20
61743.4 61740.2 1077 1 255 10 20
61864.3 61862.5 1078 1 255 5 100
61911.1 61903.4 1079 1 255 10 20
61911.9 61910.9 1080 1 255 10 20
61960 61951.8 1081 1 255 10 20
62066.8 62065.9 1082 1 255 10 20
62117.8 62116.8 1083 1 255 10 20
62134 62132.6 1084 1 255 10 20
62325.1 62324.3 1085 1 255 10 20
62380.9 62379.9 1086 1 255 10 20
62457.5 62456.6 1087 1 255 10 20
62476 62475.2 1089 1 255 10 20
62528.7 62520.8 1091 1 255 5 100
62606.3 62605.4 1093 1 255 10 20
62673.2 62672.5 1095 1 255 10 20
62868.2 62867.1 1096 1 255 8 32
63043.3 63042.4 1097 1 255 10 20
63049 63047.7 1098 1 255 10 20
63067.1 63066.3 1099 1 255 10 20
63078.7 63077.5 1100 1 255 8 32
63171.4 63163.4 1102 1 255 10 20
63226.3 63224.9 1103 1 255 10 20
63236.3 63234.1 1104 1 255 5 100
63291.1 63290.2 1105 1 255 10 20
63788.4 63787.5 1108 1 255 10 20
63823.9 63823 1109 1 255 10 20
63859.8 63859 1110 1 255 10 20
63890.6 63889.5 1111 1 255 10 20
64066.9 64065.7 1113 1 255 10 20
64103.2 64101 1114 1 255 5 100
64110 64104.3 1115 1 255 5 100
64164.5 64163.4 1116 1 255 10 20
64215 64213.4 1117 1 255 10 20
64272.3 64271 1118 1 255 10 20
64309.2 64307.8 1119 1 255 10 20
65000.7 64999 1136 1 255 10 20
65782.9 65780.6 1143 1 255 5 100
68434.8 68433.1 1192 1 255 10 20
69337.3 69335.6 1208 1 255 10 20
69421.8 69420.4 1213 1 255 10 20
70260 70256.1 1224 1 255 5 100
72088.9 72086.5 1255 1 255 5 100
72095.8 72093.4 1256 1 255 5 100
72107.4 72104.9 1257 1 255 5 100
72180.8 72178.6 1259 1 255 5 100
72226.6 72224.2 1260 1 255 5 100
72454 72452 1262 1 255 5 100
72476.9 72474.5 1263 1 255 5 100
72561.4 72559.3 1264 1 255 5 100
72584 72581.8 1265 1 255 5 100
72615.8 72613.8 1266 1 255 10 20
72644.1 72642.9 1267 1 255 10 20
72733 72731.7 1268 1 255 10 20
72781.2 72779.1 1269 1 255 10 20
72790.6 72789.5 1270 1 255 10 20
72830.6 72829.5 1271 1 255 10 20
73038.7 73037.4 1272 1 255 10 20
73161.4 73160.2 1273 1 255 10 20
73162.4 73160.9 1274 1 255 10 20
73230 73228.8 1275 1 255 10 20
73252.5 73251.1 1276 1 255 10 20
73256.9 73254.3 1278 1 255 10 20
73285.7 73282.9 1279 1 255 5 100
73388.6 73386 1280 1 255 5 100
73402.2 73401.1 1281 1 255 10 20
73433 73427.4 1282 1 255 10 20
73469 73467.6 1283 1 255 10 20
73519 73517.1 1284 1 255 10 20
73588.4 73587.1 1285 1 255 10 20
73612.7 73611.6 1287 1 255 10 20
73742.2 73741 1289 1 255 10 20
73980.7 73979.2 1290 1 255 10 20
74003.6 74002.4 1291 1 255 10 20
74019.2 74016.9 1292 1 255 5 100
74059.9 74058.7 1293 1 255 10 20
74080.2 74078.7 1294 1 255 10 20
74142.4 74140.9 1295 1 255 10 20
74229.9 74228.5 1296 1 255 10 20
74299.2 74297.8 1299 1 255 10 20
74392.6 74391.6 1300 1 255 10 20
74413.2 74408.2 1301 1 255 10 20
74415.4 74413.5 1302 1 255 10 20
74431.8 74430.5 1303 1 255 10 20
74460 74458.6 1304 1 255 10 20
74630.1 74628.7 1305 1 255 10 20
74692.9 74690.8 1306 1 255 5 100
74941.9 74941 1307 1 255 10 20
74990.2 74989.1 1308 1 255 10 20
75035.9 75034.6 1309 1 255 10 20
75042.7 75038.6 1310 1 255 10 20
75113.4 75110.8 1311 1 255 10 20
75251 75249.6 1312 1 255 10 20
75257.5 75255.7 1313 1 255 10 20
75279.6 75278.2 1314 1 255 10 20
75376.8 75375.4 1315 1 255 10 20
75402.4 75400 1316 1 255 5 100
75475.8 75474.7 1317 1 255 10 20
75511.6 75510.3 1319 1 255 10 20
75663.3 75661.9 1320 1 255 10 20
75763.3 75761.9 1322 1 255 10 20
75841.2 75839.9 1324 1 255 10 20
76088.1 76087 1325 1 255 10 20
76397.7 76395.4 1326 1 255 5 100
76507.8 76507 1327 1 255 10 20
76533.7 76532.8 1328 1 255 10 20
76617 76615.8 1329 1 255 10 20
76713.2 76712 1330 1 255 10 20
76968.5 76967.8 1331 1 255 10 20
76984 76983.1 1332 1 255 10 20
77025.9 77024.8 1333 1 255 10 20
77033.3 77032.3 1334 1 255 10 20
77307.2 77305.1 1335 1 255 5 100
77401.6 77400.6 1336 1 255 10 20
77407.7 77406.8 1337 1 255 10 20
77564.4 77563.7 1338 1 255 10 20
77730 77729.1 1339 1 255 10 20
77747.6 77746.6 1340 1 255 10 20
77762.5 77761.3 1342 1 255 10 20
77847.5 77846.2 1343 1 255 10 20
77850 77848.8 1344 1 255 10 20
78036.1 78034.7 1345 1 255 10 20
78081.3 78079.4 1346 1 255 5 100
78090.3 78089.4 1347 1 255 10 20
78774.9 78773.2 1357 1 255 10 20
84216.4 84212.6 1444 1 255 5 100
85091.3 85089.8 1457 1 255 10 20
85603.5 85601.7 1464 1 255 10 20
86649.8 86648.2 1485 1 255 10 20
86697.6 86696 1486 1 255 10 20
86703.2 86701.8 1487 1 255 10 20
86765.8 86764.4 1489 1 255 10 20
86813.5 86812.2 1491 1 255 10 20
86876.9 86875.4 1493 1 255 10 20
86951.2 86949.8 1494 1 255 10 20
86971.8 86970.3 1495 1 255 10 20
87052.2 87050.8 1496 1 255 10 20
87081 87079.8 1497 1 255 10 20
87107.3 87105.9 1498 1 255 10 20
87112.6 87109.6 1499 1 255 10 20
87159.9 87158.7 1500 1 255 10 20
87224.9 87223.8 1501 1 255 10 20
87332.5 87331.1 1502 1 255 10 20
87352 87349.6 1503 1 255 5 100
87372.9 87371.6 1504 1 255 10 20
87380.4 87379 1505 1 255 10 20
87463.7 87462.6 1506 1 255 10 20
87491.1 87490.1 1507 1 255 10 20
87588.5 87587.1 1508 1 255 10 20
87656.1 87654.3 1509 1 255 10 20
87738.9 87737.6 1511 1 255 10 20
87784.5 87783.1 1512 1 255 10 20
88059 88057.7 1513 1 255 10 20
88142.4 88140.1 1514 1 255 5 100
88199.2 88198.2 1515 1 255 10 20
88234.4 88233.1 1516 1 255 10 20
88275.8 88274.5 1517 1 255 10 20
88512.6 88511.6 1518 1 255 10 20
88563.6 88562.3 1519 1 255 10 20
88586.3 88584.3 1520 1 255 10 20
88719.1 88715.9 1522 1 255 10 20
88741.4 88740.2 1523 1 255 10 20
88756.5 88755.5 1524 1 255 10 20
88764.1 88761.8 1525 1 255 5 100
88888.2 88887.2 1526 1 255 10 20
88980.9 88980 1527 1 255 10 20
89079.8 89078.8 1528 1 255 10 20
89133.6 89132.6 1529 1 255 10 20
89297.1 89295.8 1530 1 255 10 20
89364.9 89364 1532 1 255 10 20
89529.1 89527.1 1533 1 255 5 100
89578.4 89570.8 1534 1 255 10 20
89692.3 89691.3 1535 1 255 10 20
89701.4 89700.7 1536 1 255 10 20
89707.5 89706.8 1537 1 255 10 20
89719.3 89718.2 1538 1 255 10 20
89750 89749.1 1539 1 255 10 20
89775.2 89774.1 1540 1 255 10 20
89860 89858.9 1541 1 255 10 20
89912.6 89912 1542 1 255 10 20
89914.3 89912.3 1543 1 255 10 20
90049.5 90048.6 1544 1 255 10 20
90072.4 90071.6 1545 1 255 10 20
90087.9 90087.2 1546 1 255 10 20
90113.9 90113 1547 1 255 10 20
90146.1 90145.2 1548 1 255 10 20
90174 90172.1 1549 1 255 5 100
90197.1 90195.4 1550 1 255 5 100
90229.1 90228.4 1552 1 255 10 20
90299.3 90298.6 1553 1 255 10 20
90319.3 90318.7 1554 1 255 10 20
90329.9 90329 1555 1 255 10 20
90422.4 90421.5 1556 1 255 10 20
90486.8 90484.1 1557 1 255 10 20
90534.7 90533.7 1558 1 255 10 20
90743.1 90741.7 1559 1 255 10 20
90756.4 90755.7 1560 1 255 10 20
90775 90774.2 1561 1 255 10 20
90778 90776.9 1562 1 255 10 20
90789.4 90785.4 1564 1 255 10 20
90824.9 90824.2 1565 1 255 10 20
90975.7 90973.9 1566 1 255 5 100
90978.9 90977.9 1567 1 255 10 20
91013 91011.9 1568 1 255 10 20
91046 91045.3 1569 1 255 10 20
91320.7 91319.9 1572 1 255 10 20
91325.4 91324.8 1573 1 255 10 20
91353 91352.1 1574 1 255 10 20
91472.4 91471.8 1575 1 255 10 20
91478.9 91478 1576 1 255 10 20
91531.6 91530.5 1577 1 255 10 20
91858.2 91857.1 1578 1 255 10 20
92098.3 92096.4 1579 1 255 5 100
92205.3 92203.8 1580 1 255 10 20
92207.9 92206.6 1581 1 255 10 20
92320.1 92318.7 1582 1 255 10 20
92416.7 92415.6 1584 1 255 10 20
92451.8 92450.5 1585 1 255 10 20
92471.9 92470.1 1586 1 255 10 20
92574.5 92573.3 1587 1 255 10 20
92620.4 92619 1588 1 255 10 20
92682.1 92680.8 1589 1 255 10 20
92719.4 92718.1 1591 1 255 10 20
92765.5 92763.3 1592 1 255 5 100
93870.2 93867.9 1609 1 255 10 20
94403.1 94401.4 1616 1 255 10 20
95537.6 95534.7 1632 1 255 5 100
97414.9 97412.9 1670 1 255 10 20
98732.7 98729.8 1691 1 255 5 100
99431.3 99430 1705 1 255 10 20
99494.9 99493.5 1706 1 255 10 20
99506.2 99505.1 1707 1 255 10 20
99536.6 99535.2 1708 1 255 10 20
99602.5 99601.6 1709 1 255 10 20
99634.7 99633.7 1710 1 255 10 20
99641.4 99640.4 1711 1 255 10 20
99687.8 99686.6 1712 1 255 10 20
99772.3 99770.8 1713 1 255 10 20
99934.7 99933.7 1714 1 255 10 20
