118.19 115.657 1 253 3 5 97 2.53318 2.73007
165.496 164.147 2 254 3 7 11 1.34921 1.2831
385.684 320.074 3 252 3 7 11 65.6099 1.28927
417.548 334.311 4 252 3 7 11 83.2369 1.28568
471.678 470.825 5 252 3 8 9 0.852999 1.26353
567.825 529.94 6 252 3 7 11 37.8852 1.54121
602.601 596.536 7 252 3 8 9 6.06552 1.17545
774.824 773.866 8 252 3 6 11 0.95857 1.02649
854.193 852.077 9 252 3 5 97 2.11654 1.97345
1482.84 1482.18 11 252 3 6 11 0.665195 0.936993
1497.4 1495.66 12 252 3 5 97 1.74167 1.88098
2098.63 2097.48 13 252 3 6 11 1.15074 1.22689
2312.91 2310.86 14 252 3 5 97 2.04814 2.13194
3284.16 3281.63 16 252 3 6 11 2.5265 1.79112
3293.07 3291.06 17 252 3 5 97 2.01576 3.67343
3899.79 3898.71 18 252 3 6 11 1.08869 1.12732
4302.26 4298.38 20 252 3 5 97 3.87438 1.94066
4963.92 4962.89 21 252 3 6 11 1.03355 0.711473
5009.33 5007.29 22 252 3 5 97 2.04703 2.04938
5643.06 5641.8 23 252 3 6 11 1.26442 1.3042
5713.77 5711.37 24 252 3 5 97 2.40405 2.24657
7497.64 7496.13 25 252 3 6 11 1.51769 2.13865
8790.06 8787.59 26 253 3 5 97 2.47955 2.66652
9063.03 9061.76 28 254 3 7 11 1.26613 1.31605
9330.34 9315.46 29 254 3 8 9 14.8748 1.39099
9418.36 9417.08 30 254 3 6 11 1.27868 1.21539
9462 9459.54 31 254 3 5 97 2.46396 2.23792
10246.9 10245.5 32 254 3 6 11 1.31733 1.01093
10335.7 10333.6 33 254 3 5 97 2.07543 2.28001
10943.5 10942.3 34 254 3 6 11 1.1855 0.975182
11113 11111.1 35 254 3 5 97 1.86406 1.8644
11784.6 11784.1 36 254 3 6 11 0.490923 0.44838
11835.4 11833.9 37 254 3 5 97 1.50813 1.51993
12508.7 12507.5 38 254 3 6 11 1.1801 0.766643
12681.9 12679.2 40 254 3 5 97 2.70632 2.20204
13288.6 13287.6 41 254 3 6 11 0.956645 1.14855
13295 13291.4 42 254 3 5 97 3.6443 2.29064
14935.5 14933.8 44 252 3 6 11 1.66651 1.10409
15067.5 15064.1 45 252 3 5 97 3.45919 2.05695
15692.4 15691.5 46 252 3 6 11 0.987387 0.846659
15749.4 15747.5 47 252 3 5 97 1.88286 2.32398
16394.1 16393.3 48 252 3 6 11 0.809755 0.915472
16447.2 16444.9 49 252 3 5 97 2.30061 2.17761
17081.7 17080 50 252 3 6 11 1.64239 1.14239
17102.4 17099.7 51 252 3 5 97 2.67303 1.88483
17829.9 17828.9 52 252 3 6 11 0.988812 0.990606
17985.4 17983 58 252 3 5 97 2.42563 1.80789
18707 18706 60 252 3 6 11 0.945104 1.94917
19574.2 19570.6 61 252 3 5 97 3.51679 2.6674
20196.3 20195.1 62 253 3 6 11 1.18006 1.05745
20304.9 20296.9 66 253 3 5 97 7.98256 2.26617
20976.8 20975.1 67 253 3 6 11 1.6752 1.0253
22021 22017.7 68 253 3 5 97 3.32559 2.49955
22782.4 22781.2 71 254 3 6 11 1.29129 1.40365
22936 22933.5 74 254 3 5 97 2.46046 2.31917
23560.1 23558.9 76 254 3 6 11 1.1464 0.922363
23714.1 23711.5 77 254 3 5 97 2.60769 1.84258
23786.8 23782.5 78 254 3 7 11 4.33769 1.08939
24039.4 24037.9 80 254 3 7 11 1.554 0.93204
24077.7 24076.6 81 254 3 8 9 1.10826 1.19955
24129.1 24128.1 82 254 3 7 11 1.00369 0.921216
24143.6 24143 83 254 3 8 9 0.660961 0.990722
24213.5 24212.4 84 254 3 7 11 1.04744 0.80542
24226.8 24225.2 85 254 3 8 9 1.6632 1.13976
24391.7 24390.8 86 254 3 6 11 0.949585 0.959985
24449 24444.3 88 254 3 5 97 4.68813 4.09613
25059.8 25058.7 89 254 3 6 11 1.09564 1.03504
25066.5 25064.3 90 254 3 5 97 2.18906 1.73341
25689.9 25688.9 91 254 3 6 11 0.997691 1.30831
25738.6 25736.4 92 254 3 5 97 2.15538 2.22439
26367.1 26365.7 93 254 3 6 11 1.37393 1.146
26527.7 26525.8 95 254 3 5 97 1.88367 2.20817
27191.3 27189.9 96 254 3 6 11 1.38354 1.36722
27221.8 27219.4 97 254 3 5 97 2.48407 2.21053
28012.2 28009 98 254 3 6 11 3.23414 2.65318
28488.7 28485.1 99 254 3 5 97 3.5966 2.33768
30226.3 30225.5 100 252 3 6 11 0.72913 0.709205
30252 30244.8 101 252 3 5 97 7.17612 1.71533
30926.1 30925 102 252 3 6 11 1.08685 1.02496
30972.2 30970.1 103 252 3 5 97 2.05221 2.52488
32552.3 32549.7 105 252 3 6 11 2.61398 1.05489
33512.7 33510.6 106 253 3 5 97 2.09497 2.3462
34205.9 34204.5 107 253 3 6 11 1.3126 1.16308
34225.7 34223.4 108 253 3 5 97 2.272 2.2869
34921.2 34919.1 109 253 3 6 11 2.17071 1.33495
35306.4 35299.3 110 254 3 5 97 7.0987 3.24529
35684.5 35674.9 111 253 3 7 11 9.56227 2.15849
35999.7 35997.1 112 254 3 6 11 2.5232 1.9467
36204.8 36202.9 114 254 3 5 97 1.93733 1.84663
36819.4 36818.5 115 254 3 6 11 0.928768 7.93056
37041 37038.9 117 254 3 5 97 2.18311 1.99938
37680.9 37679.9 118 254 3 6 11 1.01978 0.809264
37703.1 37700.5 119 254 3 5 97 2.54218 2.19851
38311.1 38310.4 120 254 3 6 11 0.68201 1.03446
38343 38341.1 121 254 3 5 97 1.87479 1.68904
39072.6 39070.8 122 254 3 6 11 1.84013 2.95536
39135.6 39133.1 123 254 3 5 97 2.51422 2.13549
39769.8 39768.7 124 254 3 6 11 1.03403 1.2324
39811.3 39808.4 125 254 3 5 97 2.82585 2.30101
41390.2 41388.9 126 252 3 6 11 1.27419 1.26519
41556.5 41553.2 127 252 3 5 97 3.27884 2.19992
42447.4 42445.6 129 252 3 6 11 1.8424 0.938019
42533 42530.9 131 252 3 5 97 2.06461 14.8554
43139.9 43139.1 132 252 3 6 11 0.811081 0.984593
43330.2 43327.9 134 252 3 5 97 2.28609 1.81925
43337.8 43336.6 135 252 3 7 11 1.18105 0.877654
43349.8 43348 136 252 3 8 9 1.77406 0.955695
45459.5 45458.1 140 253 3 6 11 1.3552 1.16143
45508.1 45505.6 141 253 3 5 97 2.46389 2.34789
45586.6 45584.5 144 253 3 7 11 2.11368 1.27841
45717.8 45716.6 145 253 3 8 9 1.20838 1.35097
46043.2 46042.2 147 253 3 7 11 1.06593 1.02329
46061.7 46060.7 148 253 3 8 9 1.04039 1.32787
46275.5 46273.2 150 253 3 6 11 2.30365 1.09179
46309.4 46306.9 151 253 3 5 97 2.45373 2.14091
46953.1 46949.8 153 253 3 6 11 3.30711 1.20473
47144.8 47142.3 155 253 3 5 97 2.44148 2.33057
47818 47816 156 253 3 6 11 1.99392 6.07
48343.4 48341 157 254 3 5 97 2.39092 2.18008
49143.7 49142.5 161 254 3 6 11 1.22941 1.18353
49182.8 49180.9 163 254 3 5 97 1.89738 2.23969
50004.5 50003.5 164 254 3 6 11 0.994125 1.10326
50166.3 50164.3 165 254 3 5 97 1.99551 2.15129
50826.5 50825.5 166 254 3 6 11 1.0464 0.988383
50834.1 50831.7 167 254 3 5 97 2.38798 2.4054
51444.7 51435.9 168 254 3 6 11 8.83519 1.18956
51466.2 51463.7 169 254 3 5 97 2.43983 2.4464
52332.9 52331.6 172 254 3 6 11 1.3224 1.22351
52460.6 52458.3 173 254 3 5 97 2.31013 2.49642
53099.7 53098.2 174 254 3 6 11 1.41409 1.51165
53369.4 53367.2 175 254 3 5 97 2.23353 2.74291
55773.7 55772.8 176 253 3 6 11 0.839656 0.711325
55837.4 55835.3 177 253 3 5 97 2.10049 1.66438
56504.3 56503.2 179 253 3 6 11 1.07954 0.954633
56555.5 56553.4 180 253 3 5 97 2.14612 2.17095
57169.5 57168.6 181 253 3 6 11 0.910634 1.17995
57195.4 57193 182 253 3 5 97 2.38604 2.00458
57897.6 57896.5 183 253 3 6 11 1.16215 1.00303
57957 57954.7 184 253 3 5 97 2.28283 2.36113
58760 58758.7 185 253 3 6 11 1.34631 1.17631
58976.4 58973.7 188 253 3 5 97 2.66386 8.07104
59730.4 59728.4 189 253 3 6 11 1.98048 1.78746
59938.5 59927.7 190 253 3 5 97 10.8337 3.54591
59940.9 59935.6 191 253 3 5 97 5.31955 7.4201
60387 60386 192 254 3 7 11 1.09049 1.20668
60468.5 60467.5 193 254 3 8 9 1.01829 0.978386
60737 60735.8 194 254 3 6 11 1.2189 0.920171
61042.6 61040.4 197 254 3 5 97 2.1848 2.02686
61874 61872.2 200 254 3 6 11 1.84059 1.2591
61995.8 61986.8 202 254 3 5 97 8.93189 1.87825
62682.1 62679.2 203 254 3 6 11 2.87267 1.00637
62810.6 62808.5 204 254 3 5 97 2.11095 2.27582
63493.1 63491.8 205 254 3 6 11 1.3605 1.20379
63498.7 63496.7 206 254 3 5 97 1.99576 2.4133
64480 64478.9 208 254 3 6 11 1.09914 1.35024
64738.2 64735.7 210 254 3 5 97 2.49469 2.36399
66167.9 66166.1 211 254 3 6 11 1.78121 2.02236
67219.1 67216 212 254 3 5 97 3.03816 3.45179
67357.6 67356.5 214 252 3 7 11 1.05202 1.13369
67549.1 67541.2 217 252 3 7 11 7.88765 0.908073
67787.4 67785.6 219 252 3 7 11 1.78839 0.782387
67813.4 67812.1 220 252 3 8 9 1.30566 1.06509
67827.8 67826.5 221 252 3 6 11 1.32582 0.845615
67867.9 67866.2 222 252 3 5 97 1.67885 1.69101
68565.8 68564.9 223 252 3 6 11 0.945678 0.880242
68644 68642.3 225 252 3 5 97 1.69516 1.7262
69318.4 69317.3 226 252 3 6 11 1.11243 0.764575
69343.8 69341.6 227 252 3 5 97 2.16723 2.13554
71055.5 71051.9 229 252 3 6 11 3.60274 1.38338
72128.4 72125.8 232 253 3 5 97 2.62966 2.8433
72814.2 72812 233 253 3 6 11 2.21275 1.60122
73265.7 73259.4 234 253 3 5 97 6.28855 2.97436
74521 74518.7 235 254 3 6 11 2.28628 0.841096
74537.8 74535.8 236 254 3 5 97 2.02638 3.71524
75246.2 75245.1 238 254 3 6 11 1.03738 1.18741
75414.2 75410.2 239 254 3 5 97 3.9934 2.10938
76028.9 76027.8 240 254 3 6 11 1.11135 1.14225
76048.1 76046.2 241 254 3 5 97 1.90815 1.74586
76716.7 76715.8 242 254 3 6 11 0.919002 1.39388
76896 76893.6 244 254 3 5 97 2.36738 1.87205
77714.1 77712.5 246 254 3 6 11 1.5606 1.21653
77717.6 77716.1 247 254 3 6 11 1.48356 3.173
77745 77741.6 248 254 3 5 97 3.40434 2.0742
79372.9 79371.5 249 252 3 6 11 1.42062 1.11023
79412.5 79410.3 250 252 3 5 97 2.1799 2.14442
80156.2 80155.3 251 252 3 6 11 0.941847 1.11408
80164.4 80162.4 252 252 3 5 97 1.98678 2.10145
80776.2 80775.2 253 252 3 6 11 0.962099 0.989404
80879.3 80876.5 256 252 3 5 97 2.79742 1.95227
81543.2 81542.1 257 252 3 6 11 1.09624 1.95993
81606.2 81603.8 259 252 3 5 97 2.37914 1.66396
82303.6 82302.9 260 252 3 6 11 0.72425 0.748565
82537.6 82535.3 262 252 3 5 97 2.2959 1.78211
83237.5 83235.6 264 252 3 6 11 1.90371 0.800381
83278.9 83273.8 266 252 3 5 97 5.11347 2.32882
85166.6 85165 267 253 3 6 11 1.61647 1.29522
85199.9 85192.3 268 253 3 5 97 7.56929 2.25889
85276.7 85268.8 269 253 3 7 11 7.87337 3.02293
85337.4 85336.2 270 253 3 8 9 1.26933 1.35946
85410.7 85408.5 271 253 3 7 11 2.1989 1.06813
85492.9 85490.9 272 253 3 8 9 1.98646 1.5012
85591.5 85590.4 273 253 3 7 11 1.11736 1.07566
86506.7 86505.4 274 253 3 6 11 1.36728 3.12557
87580.5 87578.1 275 254 3 5 97 2.4698 2.47289
88312.5 88311.3 276 254 3 6 11 1.1503 1.20861
88326.3 88323.9 277 254 3 5 97 2.45509 2.47925
88354.3 88353.2 278 254 3 7 11 1.06526 1.05273
88371 88369.9 279 254 3 8 9 1.12117 1.16502
88543.1 88541.5 280 254 3 7 11 1.61715 1.32174
88581.6 88579.1 281 254 3 8 9 2.52716 1.16501
88773.6 88772.7 283 254 3 7 11 0.974195 1.10805
88787.9 88786.6 284 254 3 8 9 1.22044 1.40746
88850.3 88849.3 285 254 3 7 11 0.953817 0.872829
89125.4 89124.3 286 254 3 6 11 1.07054 1.16939
89253.3 89251 289 254 3 5 97 2.29137 2.13669
90032.4 90031.5 290 254 3 6 11 0.90112 2.09763
90034.2 90033.2 291 254 3 6 11 0.985268 3.29108
90104.1 90101.6 292 254 3 5 97 2.48765 1.57676
90796.5 90794.9 293 254 3 6 11 1.60893 1.14367
90912.6 90910.8 294 254 3 5 97 1.8094 1.85286
92913.3 92911.1 295 254 3 6 11 2.17741 1.48489
94078.4 94075.6 296 252 3 5 97 2.79702 2.31812
94725.3 94723.8 297 252 3 6 11 1.47223 1.0015
94822.6 94820.5 298 252 3 5 97 2.15816 2.15659
95551.4 95550.2 299 252 3 6 11 1.17812 1.036
95744.1 95742 300 252 3 5 97 2.10454 1.86571
96403.3 96401.9 301 252 3 6 11 1.43734 1.30216
96514.7 96512.1 302 252 3 5 97 2.58152 1.95531
97139.9 97138.5 303 252 3 6 11 1.44131 0.964998
97343.5 97341.1 304 252 3 5 97 2.40878 2.9207
98285.8 98284 305 252 3 6 11 1.74867 2.50537
98741.7 98737 307 254 3 5 97 4.75144 3.76897
99363.5 99362 309 254 3 6 11 1.53663 1.34124
99450.8 99446.8 310 254 3 5 97 4.06437 2.23685
